	12.0	13.0	14.0	15.0	16.0	17.0	18.0	19.0	20.0	21.0	22.0	23.0	24.0	25.0	26.0	27.0	28.0	29.0	30.0	31.0	32.0	33.0	34.0	35.0	36.0	37.0	38.0	39.0
fastqc | SRR9264343_S0_L001_R1_001	5.0	16.0	34.0	105.0	191.0	558.0	993.0	1879.0	3288.0	6141.0	12096.0	19474.0	35177.0	68083.0	125492.0	214905.0	377301.0	642009.0	1010467.0	1585913.0	2374908.0	3452275.0	4935643.0	6971243.0	10001554.0	15319751.0	26897670.0	136929866.0
	14.0	15.0	16.0	17.0	18.0	19.0	20.0	21.0	22.0	23.0	24.0	25.0	26.0	27.0	28.0	29.0	30.0	31.0	32.0	33.0	34.0	35.0	36.0	37.0	38.0	39.0	40.0
fastqc | SRR9264344_S0_L001_R1_001	1.0	0.0	5.0	13.0	36.0	99.0	364.0	1260.0	4231.0	11208.0	29808.0	78585.0	185738.0	375878.0	735778.0	1329179.0	2116848.0	3235892.0	4604186.0	6145036.0	8062612.0	10267883.0	13574878.0	19389195.0	33966422.0	226289499.0	72.0
	14.0	15.0	16.0	17.0	18.0	19.0	20.0	21.0	22.0	23.0	24.0	25.0	26.0	27.0	28.0	29.0	30.0	31.0	32.0	33.0	34.0	35.0	36.0	37.0	38.0	39.0	40.0
fastqc | SRR9264345_S0_L001_R1_001	1.0	1.0	4.0	12.0	39.0	89.0	349.0	1346.0	4435.0	11606.0	31285.0	81289.0	190710.0	383827.0	747551.0	1338715.0	2123373.0	3230999.0	4585880.0	6112200.0	8018347.0	10220141.0	13525826.0	19345341.0	33968311.0	228188314.0	65.0
	13.0	14.0	15.0	16.0	17.0	18.0	19.0	20.0	21.0	22.0	23.0	24.0	25.0	26.0	27.0	28.0	29.0	30.0	31.0	32.0	33.0	34.0	35.0	36.0	37.0	38.0	39.0	40.0
fastqc | SRR9264346_S0_L001_R1_001	1.0	1.0	2.0	7.0	4.0	37.0	143.0	445.0	1723.0	5739.0	15254.0	40599.0	105285.0	240582.0	474652.0	909341.0	1602027.0	2507083.0	3761381.0	5263458.0	6911080.0	8918024.0	11146981.0	14399820.0	19911347.0	32830882.0	192109518.0	109.0
	13.0	14.0	15.0	16.0	17.0	18.0	19.0	20.0	21.0	22.0	23.0	24.0	25.0	26.0	27.0	28.0	29.0	30.0	31.0	32.0	33.0	34.0	35.0	36.0	37.0	38.0	39.0	40.0
fastqc | SRR9264347_S0_L001_R1_001	1.0	0.0	2.0	3.0	22.0	46.0	138.0	417.0	1534.0	5285.0	13753.0	37065.0	96586.0	224763.0	444826.0	849447.0	1495208.0	2317381.0	3445417.0	4798595.0	6270300.0	8110386.0	10226029.0	13424643.0	18899578.0	31516972.0	208693359.0	155.0
	13.0	14.0	15.0	16.0	17.0	18.0	19.0	20.0	21.0	22.0	23.0	24.0	25.0	26.0	27.0	28.0	29.0	30.0	31.0	32.0	33.0	34.0	35.0	36.0	37.0	38.0	39.0	40.0
fastqc | SRR9264348_S0_L001_R1_001	1.0	1.0	0.0	11.0	24.0	84.0	229.0	679.0	2165.0	6941.0	16586.0	41805.0	105501.0	234649.0	453350.0	858167.0	1502770.0	2343994.0	3535716.0	4970029.0	6611609.0	8648403.0	10996715.0	14449268.0	20358896.0	34100940.0	215312537.0	114.0
	15.0	16.0	17.0	18.0	19.0	20.0	21.0	22.0	23.0	24.0	25.0	26.0	27.0	28.0	29.0	30.0	31.0	32.0	33.0	34.0	35.0	36.0	37.0	38.0	39.0	40.0
fastqc | SRR9264349_S0_L001_R1_001	1.0	5.0	10.0	39.0	181.0	530.0	1724.0	5579.0	14245.0	36242.0	91841.0	208926.0	408321.0	781703.0	1382636.0	2175667.0	3309646.0	4690797.0	6287803.0	8284557.0	10634530.0	14085432.0	19943169.0	34003634.0	219060796.0	57.0
	15.0	16.0	17.0	18.0	19.0	20.0	21.0	22.0	23.0	24.0	25.0	26.0	27.0	28.0	29.0	30.0	31.0	32.0	33.0	34.0	35.0	36.0	37.0	38.0	39.0	40.0
fastqc | SRR9264350_S0_L001_R1_001	3.0	3.0	15.0	31.0	133.0	412.0	1450.0	4965.0	12753.0	34108.0	89420.0	206434.0	408655.0	791185.0	1407744.0	2219267.0	3371434.0	4769358.0	6358138.0	8335471.0	10628797.0	14037799.0	19986076.0	34202593.0	217545969.0	67.0
	12.0	13.0	14.0	15.0	16.0	17.0	18.0	19.0	20.0	21.0	22.0	23.0	24.0	25.0	26.0	27.0	28.0	29.0	30.0	31.0	32.0	33.0	34.0	35.0	36.0	37.0	38.0	39.0
fastqc | SRR9264351_S0_L001_R1_001	4.0	13.0	32.0	79.0	160.0	463.0	936.0	1697.0	3300.0	6411.0	13053.0	21223.0	38210.0	73842.0	135520.0	229226.0	400282.0	671176.0	1044247.0	1625694.0	2403254.0	3454509.0	4876009.0	6772420.0	9496172.0	14226800.0	24770289.0	144300358.0
	12.0	13.0	14.0	15.0	16.0	17.0	18.0	19.0	20.0	21.0	22.0	23.0	24.0	25.0	26.0	27.0	28.0	29.0	30.0	31.0	32.0	33.0	34.0	35.0	36.0	37.0	38.0	39.0	40.0
fastqc | SRR9264352_S0_L001_R1_001	1.0	2.0	0.0	3.0	12.0	37.0	90.0	340.0	985.0	2418.0	6516.0	14188.0	32551.0	77359.0	169236.0	328538.0	623634.0	1105640.0	1735947.0	2618522.0	3694401.0	4889727.0	6376986.0	8115492.0	10661520.0	15048927.0	25981764.0	192753625.0	43.0
	14.0	15.0	16.0	17.0	18.0	19.0	20.0	21.0	22.0	23.0	24.0	25.0	26.0	27.0	28.0	29.0	30.0	31.0	32.0	33.0	34.0	35.0	36.0	37.0	38.0	39.0	40.0
fastqc | SRR9264353_S0_L001_R1_001	1.0	1.0	3.0	7.0	39.0	132.0	413.0	1415.0	5069.0	13462.0	35248.0	92366.0	214684.0	424302.0	820821.0	1464658.0	2309736.0	3500480.0	4940541.0	6554967.0	8541255.0	10799111.0	14147369.0	19717629.0	33388806.0	207017999.0	93.0
	15.0	16.0	17.0	18.0	19.0	20.0	21.0	22.0	23.0	24.0	25.0	26.0	27.0	28.0	29.0	30.0	31.0	32.0	33.0	34.0	35.0	36.0	37.0	38.0	39.0	40.0
fastqc | SRR9264354_S0_L001_R1_001	1.0	6.0	16.0	37.0	102.0	368.0	1365.0	4730.0	12409.0	32974.0	86456.0	198793.0	392096.0	755158.0	1334196.0	2097058.0	3183081.0	4522588.0	6079903.0	8076723.0	10464842.0	14097585.0	20784551.0	36128162.0	216005202.0	152.0

