	3.0	4.0	5.0	6.0	7.0	8.0	9.0	10.0	11.0	12.0	13.0	14.0	15.0	16.0	17.0	18.0	19.0	20.0	21.0	22.0	23.0	24.0	25.0	26.0	27.0	28.0	29.0	30.0	31.0	32.0	33.0	34.0	35.0	36.0	37.0	38.0	39.0	40.0
fastqc | SRR9264344_S0_L001_R2_001	8.0	242.0	1065.0	2017.0	2313.0	2452.0	2611.0	2740.0	2916.0	5774.0	48539.0	312702.0	1090559.0	2261504.0	3154568.0	3538773.0	3750224.0	4035571.0	4411478.0	4856550.0	5370833.0	5952039.0	6596517.0	7325158.0	8159583.0	9115363.0	10246586.0	11600812.0	13289476.0	15451257.0	18318676.0	22237388.0	27579673.0	34496419.0	41368227.0	41235153.0	22386963.0	2191977.0
	2.0	3.0	4.0	5.0	6.0	7.0	8.0	9.0	10.0	11.0	12.0	13.0	14.0	15.0	16.0	17.0	18.0	19.0	20.0	21.0	22.0	23.0	24.0	25.0	26.0	27.0	28.0	29.0	30.0	31.0	32.0	33.0	34.0	35.0	36.0	37.0	38.0	39.0	40.0
fastqc | SRR9264345_S0_L001_R2_001	1.0	335.0	1336.0	2101.0	2571.0	2869.0	3407.0	4098.0	4637.0	5348.0	9415.0	73830.0	481027.0	1688028.0	3276211.0	4235951.0	4535182.0	4719244.0	5013386.0	5409600.0	5871283.0	6399450.0	6988160.0	7642522.0	8377483.0	9203746.0	10167571.0	11277989.0	12608905.0	14245433.0	16313992.0	19017962.0	22596896.0	27316740.0	33038682.0	37808584.0	35135827.0	17074956.0	1555298.0
	3.0	4.0	5.0	6.0	7.0	8.0	9.0	10.0	11.0	12.0	13.0	14.0	15.0	16.0	17.0	18.0	19.0	20.0	21.0	22.0	23.0	24.0	25.0	26.0	27.0	28.0	29.0	30.0	31.0	32.0	33.0	34.0	35.0	36.0	37.0	38.0	39.0	40.0
fastqc | SRR9264346_S0_L001_R2_001	28.0	387.0	1333.0	2198.0	2899.0	3233.0	3448.0	3343.0	3425.0	5936.0	49333.0	402226.0	1634796.0	3365820.0	4456633.0	4783309.0	4920216.0	5165794.0	5497061.0	5880339.0	6320176.0	6813292.0	7360803.0	7981015.0	8666921.0	9472868.0	10405555.0	11523957.0	12905657.0	14635091.0	16886501.0	19861121.0	23749464.0	28463004.0	32441502.0	30455080.0	15486734.0	1545027.0
	11.0	12.0	13.0	14.0	15.0	16.0	17.0	18.0	19.0	20.0	21.0	22.0	23.0	24.0	25.0	26.0	27.0	28.0	29.0	30.0	31.0	32.0	33.0	34.0	35.0	36.0	37.0	38.0	39.0	40.0
fastqc | SRR9264347_S0_L001_R2_001	8.0	940.0	33904.0	350238.0	1255729.0	2174445.0	2882855.0	3332155.0	3581600.0	3876573.0	4231797.0	4610829.0	5028218.0	5494268.0	5999994.0	6571646.0	7230739.0	8004552.0	8914248.0	9974508.0	11175397.0	12654903.0	14597111.0	17199077.0	20818105.0	25947991.0	33290039.0	42000065.0	40755694.0	8884283.0
	3.0	4.0	5.0	6.0	7.0	8.0	9.0	10.0	11.0	12.0	13.0	14.0	15.0	16.0	17.0	18.0	19.0	20.0	21.0	22.0	23.0	24.0	25.0	26.0	27.0	28.0	29.0	30.0	31.0	32.0	33.0	34.0	35.0	36.0	37.0	38.0	39.0	40.0
fastqc | SRR9264348_S0_L001_R2_001	13.0	118.0	484.0	769.0	1175.0	1691.0	2445.0	3553.0	4358.0	10289.0	115299.0	643093.0	1726315.0	3035120.0	3908736.0	4234762.0	4426040.0	4708911.0	5086412.0	5536354.0	6040280.0	6602483.0	7239137.0	7966761.0	8808334.0	9797299.0	10970485.0	12357053.0	14063037.0	16231077.0	19039023.0	22685186.0	27324487.0	32654863.0	36793270.0	33954353.0	16951075.0	1627044.0
	2.0	3.0	4.0	5.0	6.0	7.0	8.0	9.0	10.0	11.0	12.0	13.0	14.0	15.0	16.0	17.0	18.0	19.0	20.0	21.0	22.0	23.0	24.0	25.0	26.0	27.0	28.0	29.0	30.0	31.0	32.0	33.0	34.0	35.0	36.0	37.0	38.0	39.0	40.0
fastqc | SRR9264349_S0_L001_R2_001	2.0	491.0	2222.0	3014.0	2485.0	2723.0	3750.0	4546.0	5357.0	6439.0	10628.0	89539.0	556080.0	1597252.0	2907726.0	3798847.0	4137342.0	4348094.0	4665898.0	5084349.0	5584817.0	6135882.0	6746213.0	7414788.0	8174751.0	9043726.0	10070315.0	11275990.0	12705121.0	14457943.0	16671368.0	19537255.0	23246257.0	27942710.0	33230447.0	36933392.0	32825907.0	14966443.0	1217962.0
	2.0	3.0	4.0	5.0	6.0	7.0	8.0	9.0	10.0	11.0	12.0	13.0	14.0	15.0	16.0	17.0	18.0	19.0	20.0	21.0	22.0	23.0	24.0	25.0	26.0	27.0	28.0	29.0	30.0	31.0	32.0	33.0	34.0	35.0	36.0	37.0	38.0	39.0	40.0
fastqc | SRR9264350_S0_L001_R2_001	2.0	33.0	227.0	1232.0	2447.0	3612.0	4418.0	5059.0	5432.0	5585.0	8053.0	50642.0	328803.0	1213268.0	2593041.0	3596727.0	3945426.0	4101497.0	4352269.0	4714175.0	5152471.0	5654927.0	6224245.0	6859258.0	7590028.0	8434140.0	9410994.0	10576733.0	11981396.0	13702827.0	15872803.0	18686395.0	22387024.0	27224205.0	33104789.0	38398615.0	37066730.0	19398671.0	1754081.0
	8.0	9.0	10.0	11.0	12.0	13.0	14.0	15.0	16.0	17.0	18.0	19.0	20.0	21.0	22.0	23.0	24.0	25.0	26.0	27.0	28.0	29.0	30.0	31.0	32.0	33.0	34.0	35.0	36.0	37.0	38.0	39.0	40.0
fastqc | SRR9264351_S0_L001_R2_001	38.0	272.0	1463.0	10993.0	66259.0	265507.0	692701.0	1242427.0	1815732.0	2451532.0	3190708.0	4040058.0	4986173.0	5963659.0	6951535.0	7905522.0	8847187.0	9834947.0	10928791.0	12160815.0	13530655.0	14981180.0	16379253.0	17491372.0	17943482.0	17229194.0	14946563.0	11065298.0	6392468.0	2529058.0	617142.0	100308.0	3087.0
	9.0	10.0	11.0	12.0	13.0	14.0	15.0	16.0	17.0	18.0	19.0	20.0	21.0	22.0	23.0	24.0	25.0	26.0	27.0	28.0	29.0	30.0	31.0	32.0	33.0	34.0	35.0	36.0	37.0	38.0	39.0	40.0
fastqc | SRR9264352_S0_L001_R2_001	1.0	3.0	171.0	5804.0	390735.0	4013504.0	12014583.0	15250384.0	13632665.0	10641714.0	8256018.0	6982880.0	6334036.0	6023019.0	5912848.0	5926002.0	6046904.0	6241080.0	6521378.0	6877413.0	7333617.0	7906484.0	8609289.0	9509795.0	10680072.0	12236587.0	14303150.0	17054846.0	20339252.0	22920406.0	18980549.0	3293315.0
	2.0	3.0	4.0	5.0	6.0	7.0	8.0	9.0	10.0	11.0	12.0	13.0	14.0	15.0	16.0	17.0	18.0	19.0	20.0	21.0	22.0	23.0	24.0	25.0	26.0	27.0	28.0	29.0	30.0	31.0	32.0	33.0	34.0	35.0	36.0	37.0	38.0	39.0	40.0
fastqc | SRR9264353_S0_L001_R2_001	304.0	1643.0	2594.0	2871.0	2398.0	2343.0	2252.0	1858.0	1846.0	2437.0	6681.0	94499.0	689489.0	2254425.0	4063377.0	5048533.0	5327625.0	5504079.0	5796724.0	6172049.0	6621394.0	7117763.0	7661607.0	8279652.0	8982831.0	9784393.0	10720850.0	11804073.0	13085626.0	14621998.0	16540077.0	18932227.0	21949597.0	25556386.0	29267832.0	30944014.0	25579005.0	10637120.0	926135.0
	2.0	3.0	4.0	5.0	6.0	7.0	8.0	9.0	10.0	11.0	12.0	13.0	14.0	15.0	16.0	17.0	18.0	19.0	20.0	21.0	22.0	23.0	24.0	25.0	26.0	27.0	28.0	29.0	30.0	31.0	32.0	33.0	34.0	35.0	36.0	37.0	38.0	39.0	40.0
fastqc | SRR9264354_S0_L001_R2_001	99.0	1109.0	785.0	1165.0	1416.0	1655.0	2295.0	3080.0	3865.0	4504.0	8584.0	72925.0	484444.0	1681330.0	3191294.0	4202019.0	4731863.0	5129545.0	5575834.0	6069217.0	6610768.0	7216446.0	7886357.0	8650129.0	9523637.0	10519411.0	11671067.0	13018280.0	14585535.0	16440554.0	18629870.0	21242408.0	24335459.0	27776605.0	30851801.0	31096084.0	23670976.0	8674886.0	691253.0

