	10.0	11.0	12.0	13.0	14.0	15.0	16.0	17.0	18.0	19.0	20.0	21.0	22.0	23.0	24.0	25.0	26.0	27.0	28.0	29.0	30.0	31.0	32.0	33.0	34.0	35.0	36.0	37.0
fastqc | SRR9264344_S0_L001_I1_001	993.0	0.0	117770.0	195424.0	217164.0	192011.0	424974.0	485304.0	1135828.0	567554.0	1137252.0	1032702.0	1706089.0	2431008.0	1393615.0	2802102.0	1883288.0	3740906.0	4574085.0	2938999.0	6147112.0	7281090.0	9366381.0	12869519.0	14000409.0	23241214.0	102688694.0	127833219.0
	10.0	11.0	12.0	13.0	14.0	15.0	16.0	17.0	18.0	19.0	20.0	21.0	22.0	23.0	24.0	25.0	26.0	27.0	28.0	29.0	30.0	31.0	32.0	33.0	34.0	35.0	36.0	37.0
fastqc | SRR9264345_S0_L001_I1_001	679.0	0.0	145652.0	235805.0	271943.0	217060.0	516302.0	573757.0	1310969.0	656632.0	1236209.0	1090196.0	1788999.0	2387787.0	1346882.0	2718859.0	1797264.0	3525015.0	4315889.0	2707165.0	5644276.0	6015606.0	8096640.0	11859398.0	12849523.0	21509792.0	96176437.0	143115320.0
	10.0	11.0	12.0	13.0	14.0	15.0	16.0	17.0	18.0	19.0	20.0	21.0	22.0	23.0	24.0	25.0	26.0	27.0	28.0	29.0	30.0	31.0	32.0	33.0	34.0	35.0	36.0	37.0
fastqc | SRR9264346_S0_L001_I1_001	546.0	0.0	213309.0	319215.0	317652.0	283725.0	598246.0	650426.0	1459884.0	708068.0	1442222.0	1169309.0	2044937.0	2667127.0	1512911.0	3025989.0	1997298.0	3796735.0	4598149.0	2815460.0	6063622.0	6057053.0	7621420.0	11801208.0	12211814.0	20722146.0	71738116.0	135318938.0
	10.0	11.0	12.0	13.0	14.0	15.0	16.0	17.0	18.0	19.0	20.0	21.0	22.0	23.0	24.0	25.0	26.0	27.0	28.0	29.0	30.0	31.0	32.0	33.0	34.0	35.0	36.0	37.0
fastqc | SRR9264347_S0_L001_I1_001	506.0	0.0	215344.0	290814.0	331807.0	245467.0	569280.0	609482.0	1350711.0	624732.0	1319852.0	1068062.0	1846428.0	2480676.0	1412952.0	2961666.0	1943191.0	3770968.0	4735092.0	2968073.0	6292168.0	7047658.0	8439978.0	13740581.0	13339410.0	22272762.0	92988208.0	118006043.0
	10.0	11.0	12.0	13.0	14.0	15.0	16.0	17.0	18.0	19.0	20.0	21.0	22.0	23.0	24.0	25.0	26.0	27.0	28.0	29.0	30.0	31.0	32.0	33.0	34.0	35.0	36.0	37.0
fastqc | SRR9264348_S0_L001_I1_001	223.0	0.0	175759.0	270908.0	298433.0	236829.0	547354.0	603066.0	1341118.0	666124.0	1300847.0	1119231.0	1942343.0	2518427.0	1499336.0	3038139.0	2015766.0	3958683.0	4838035.0	3021990.0	6429635.0	7116439.0	7831838.0	13738035.0	14341175.0	23013926.0	106247633.0	116439892.0
	10.0	11.0	12.0	13.0	14.0	15.0	16.0	17.0	18.0	19.0	20.0	21.0	22.0	23.0	24.0	25.0	26.0	27.0	28.0	29.0	30.0	31.0	32.0	33.0	34.0	35.0	36.0	37.0
fastqc | SRR9264349_S0_L001_I1_001	176.0	0.0	108833.0	183733.0	217032.0	174431.0	422506.0	499149.0	1136479.0	619662.0	1144109.0	1061514.0	1842585.0	2393030.0	1446086.0	2864178.0	1894425.0	3810206.0	4593102.0	2936069.0	6079578.0	6608557.0	7490152.0	12731297.0	14433804.0	23676756.0	93390834.0	133649788.0
	10.0	11.0	12.0	13.0	14.0	15.0	16.0	17.0	18.0	19.0	20.0	21.0	22.0	23.0	24.0	25.0	26.0	27.0	28.0	29.0	30.0	31.0	32.0	33.0	34.0	35.0	36.0	37.0
fastqc | SRR9264350_S0_L001_I1_001	378.0	0.0	189341.0	283431.0	287750.0	250554.0	523815.0	569988.0	1230219.0	560093.0	1202915.0	938479.0	1668746.0	2227945.0	1279265.0	2666550.0	1789166.0	3690267.0	4416584.0	2764729.0	5851148.0	5926623.0	7950309.0	12593842.0	12624523.0	22930846.0	85898921.0	144095853.0
	10.0	11.0	12.0	13.0	14.0	15.0	16.0	17.0	18.0	19.0	20.0	21.0	22.0	23.0	24.0	25.0	26.0	27.0	28.0	29.0	30.0	31.0	32.0	33.0	34.0	35.0	36.0	37.0
fastqc | SRR9264351_S0_L001_I1_001	83.0	0.0	14599.0	22633.0	38228.0	24621.0	72320.0	126733.0	254775.0	278867.0	346990.0	422405.0	918379.0	1310814.0	1179307.0	2387064.0	1757200.0	3874230.0	5206037.0	3285169.0	7368160.0	8379313.0	8981623.0	16244020.0	16581286.0	32448671.0	75563558.0	27478294.0
	10.0	11.0	12.0	13.0	14.0	15.0	16.0	17.0	18.0	19.0	20.0	21.0	22.0	23.0	24.0	25.0	26.0	27.0	28.0	29.0	30.0	31.0	32.0	33.0	34.0	35.0	36.0	37.0	38.0
fastqc | SRR9264352_S0_L001_I1_001	4037.0	0.0	1210189.0	1328860.0	1836572.0	869862.0	2369498.0	2562914.0	4405718.0	2178580.0	3252511.0	2788260.0	4090225.0	4834302.0	2493887.0	4603314.0	2981421.0	5026204.0	5680964.0	3496115.0	6444389.0	6410332.0	7611908.0	11333490.0	13108096.0	14558283.0	55391274.0	103367298.0	1.0
	10.0	11.0	12.0	13.0	14.0	15.0	16.0	17.0	18.0	19.0	20.0	21.0	22.0	23.0	24.0	25.0	26.0	27.0	28.0	29.0	30.0	31.0	32.0	33.0	34.0	35.0	36.0	37.0
fastqc | SRR9264353_S0_L001_I1_001	590.0	0.0	173910.0	264405.0	280775.0	240415.0	534099.0	579013.0	1335578.0	615095.0	1301866.0	1089285.0	1802524.0	2532788.0	1439196.0	2971709.0	1984172.0	3947671.0	4766915.0	3077048.0	6307260.0	6629253.0	8934024.0	13438662.0	14062106.0	23701660.0	92336281.0	119644307.0
	10.0	11.0	12.0	13.0	14.0	15.0	16.0	17.0	18.0	19.0	20.0	21.0	22.0	23.0	24.0	25.0	26.0	27.0	28.0	29.0	30.0	31.0	32.0	33.0	34.0	35.0	36.0	37.0	38.0
fastqc | SRR9264354_S0_L001_I1_001	683.0	0.0	215244.0	342905.0	508244.0	302473.0	861481.0	1065362.0	2135303.0	1262647.0	1954551.0	1850723.0	3123775.0	3962494.0	2463615.0	4878119.0	3103641.0	6662445.0	8423565.0	5367737.0	11533780.0	15915051.0	14823744.0	23744793.0	23356115.0	28753885.0	84191197.0	73454969.0	13.0

