	12.0	13.0	14.0	15.0	16.0	17.0	18.0	19.0	20.0	21.0	22.0	23.0	24.0	25.0	26.0	27.0	28.0	29.0	30.0	31.0	32.0	33.0	34.0	35.0	36.0	37.0	38.0	39.0	40.0
fastqc | MantonBM1_HiSeq_1_S1_L007_R2_001	902.0	21770.0	59651.0	84839.0	105352.0	149042.0	195062.0	216311.0	228623.0	242092.0	264612.0	296824.0	336683.0	381744.0	432791.0	490024.0	557073.0	635835.0	729042.0	838298.0	968050.0	1125016.0	1325838.0	1601202.0	2004833.0	2672679.0	3966759.0	7879689.0	22398751.0
	12.0	13.0	14.0	15.0	16.0	17.0	18.0	19.0	20.0	21.0	22.0	23.0	24.0	25.0	26.0	27.0	28.0	29.0	30.0	31.0	32.0	33.0	34.0	35.0	36.0	37.0	38.0	39.0	40.0
fastqc | MantonBM1_HiSeq_1_S1_L008_R2_001	741.0	20313.0	53706.0	76055.0	99144.0	145632.0	188287.0	208368.0	218644.0	232843.0	254515.0	286973.0	324105.0	367555.0	413706.0	469490.0	532912.0	605023.0	691995.0	792474.0	910340.0	1056101.0	1246977.0	1500869.0	1875910.0	2483112.0	3705884.0	7301713.0	22423567.0
	12.0	13.0	14.0	15.0	16.0	17.0	18.0	19.0	20.0	21.0	22.0	23.0	24.0	25.0	26.0	27.0	28.0	29.0	30.0	31.0	32.0	33.0	34.0	35.0	36.0	37.0	38.0	39.0	40.0
fastqc | MantonBM1_HiSeq_2_S2_L007_R2_001	830.0	20175.0	54188.0	79316.0	107741.0	166943.0	226561.0	257449.0	276900.0	295844.0	322777.0	359377.0	402855.0	450884.0	504682.0	565143.0	635090.0	716633.0	812765.0	927428.0	1061200.0	1223853.0	1433500.0	1722957.0	2147787.0	2852848.0	4232424.0	8352205.0	19440687.0
	12.0	13.0	14.0	15.0	16.0	17.0	18.0	19.0	20.0	21.0	22.0	23.0	24.0	25.0	26.0	27.0	28.0	29.0	30.0	31.0	32.0	33.0	34.0	35.0	36.0	37.0	38.0	39.0	40.0
fastqc | MantonBM1_HiSeq_2_S2_L008_R2_001	740.0	18648.0	47948.0	71106.0	101937.0	161121.0	218876.0	248496.0	264745.0	284258.0	311132.0	345017.0	386606.0	433119.0	482185.0	536599.0	601921.0	675741.0	763502.0	864224.0	985742.0	1133017.0	1324896.0	1586554.0	1964500.0	2594091.0	3849829.0	7552587.0	19633493.0
	12.0	13.0	14.0	15.0	16.0	17.0	18.0	19.0	20.0	21.0	22.0	23.0	24.0	25.0	26.0	27.0	28.0	29.0	30.0	31.0	32.0	33.0	34.0	35.0	36.0	37.0	38.0	39.0	40.0
fastqc | MantonBM1_HiSeq_3_S3_L007_R2_001	761.0	17721.0	49450.0	77088.0	110886.0	178480.0	247031.0	281321.0	298175.0	315523.0	342449.0	377293.0	416862.0	465589.0	517158.0	576570.0	648784.0	726291.0	826366.0	938233.0	1072735.0	1242478.0	1455455.0	1749937.0	2183958.0	2889561.0	4272478.0	8295945.0	18653365.0
	12.0	13.0	14.0	15.0	16.0	17.0	18.0	19.0	20.0	21.0	22.0	23.0	24.0	25.0	26.0	27.0	28.0	29.0	30.0	31.0	32.0	33.0	34.0	35.0	36.0	37.0	38.0	39.0	40.0
fastqc | MantonBM1_HiSeq_3_S3_L008_R2_001	661.0	16571.0	43753.0	68504.0	104989.0	171241.0	236027.0	268051.0	284171.0	299886.0	324365.0	358175.0	396602.0	441640.0	489330.0	544518.0	607230.0	677641.0	763440.0	865387.0	986055.0	1136618.0	1328819.0	1590614.0	1971829.0	2599063.0	3847291.0	7462698.0	18805744.0
	12.0	13.0	14.0	15.0	16.0	17.0	18.0	19.0	20.0	21.0	22.0	23.0	24.0	25.0	26.0	27.0	28.0	29.0	30.0	31.0	32.0	33.0	34.0	35.0	36.0	37.0	38.0	39.0	40.0
fastqc | MantonBM1_HiSeq_4_S4_L007_R2_001	681.0	15875.0	44025.0	69345.0	101910.0	166023.0	232777.0	269585.0	291369.0	312222.0	341115.0	378046.0	421237.0	472536.0	525722.0	589344.0	659594.0	745507.0	848125.0	968890.0	1113592.0	1292964.0	1521501.0	1835745.0	2299698.0	3064361.0	4566447.0	8987699.0	21198804.0
	12.0	13.0	14.0	15.0	16.0	17.0	18.0	19.0	20.0	21.0	22.0	23.0	24.0	25.0	26.0	27.0	28.0	29.0	30.0	31.0	32.0	33.0	34.0	35.0	36.0	37.0	38.0	39.0	40.0
fastqc | MantonBM1_HiSeq_4_S4_L008_R2_001	579.0	15027.0	39945.0	62850.0	96809.0	160434.0	224747.0	258490.0	279425.0	298877.0	328300.0	361574.0	404049.0	450240.0	500808.0	558940.0	625843.0	703379.0	796311.0	902447.0	1034269.0	1194819.0	1404947.0	1687741.0	2102500.0	2782922.0	4143769.0	8119959.0	21358776.0
	12.0	13.0	14.0	15.0	16.0	17.0	18.0	19.0	20.0	21.0	22.0	23.0	24.0	25.0	26.0	27.0	28.0	29.0	30.0	31.0	32.0	33.0	34.0	35.0	36.0	37.0	38.0	39.0	40.0
fastqc | MantonBM1_HiSeq_5_S5_L007_R2_001	631.0	14916.0	41601.0	62864.0	86583.0	135166.0	188155.0	222727.0	247728.0	272174.0	304052.0	343762.0	388910.0	441071.0	499367.0	565236.0	641391.0	730453.0	839242.0	968178.0	1122855.0	1312619.0	1559290.0	1894787.0	2389565.0	3207737.0	4841193.0	9817520.0	25184912.0
	12.0	13.0	14.0	15.0	16.0	17.0	18.0	19.0	20.0	21.0	22.0	23.0	24.0	25.0	26.0	27.0	28.0	29.0	30.0	31.0	32.0	33.0	34.0	35.0	36.0	37.0	38.0	39.0	40.0
fastqc | MantonBM1_HiSeq_5_S5_L008_R2_001	490.0	14030.0	37126.0	57336.0	82647.0	132271.0	184619.0	217527.0	239300.0	263723.0	295972.0	333609.0	378941.0	428893.0	484011.0	547158.0	618410.0	704193.0	801340.0	918775.0	1061924.0	1236367.0	1460923.0	1768287.0	2215153.0	2949326.0	4432708.0	8879739.0	25234886.0
	12.0	13.0	14.0	15.0	16.0	17.0	18.0	19.0	20.0	21.0	22.0	23.0	24.0	25.0	26.0	27.0	28.0	29.0	30.0	31.0	32.0	33.0	34.0	35.0	36.0	37.0	38.0	39.0	40.0
fastqc | MantonBM1_HiSeq_6_S6_L007_R2_001	558.0	13849.0	39507.0	59496.0	79123.0	121950.0	169480.0	205278.0	234479.0	262988.0	298392.0	341762.0	391617.0	446738.0	507985.0	578800.0	657746.0	753130.0	867475.0	1003319.0	1167760.0	1369369.0	1628330.0	1988560.0	2514906.0	3400210.0	5165548.0	10619923.0	27477607.0
	12.0	13.0	14.0	15.0	16.0	17.0	18.0	19.0	20.0	21.0	22.0	23.0	24.0	25.0	26.0	27.0	28.0	29.0	30.0	31.0	32.0	33.0	34.0	35.0	36.0	37.0	38.0	39.0	40.0
fastqc | MantonBM1_HiSeq_6_S6_L008_R2_001	463.0	13346.0	36093.0	54463.0	77533.0	121035.0	169121.0	203472.0	231418.0	259172.0	295568.0	337269.0	385591.0	440723.0	498132.0	565376.0	643324.0	731894.0	837240.0	962377.0	1113754.0	1300878.0	1543163.0	1872002.0	2349508.0	3145565.0	4757118.0	9631231.0	27635580.0
	12.0	13.0	14.0	15.0	16.0	17.0	18.0	19.0	20.0	21.0	22.0	23.0	24.0	25.0	26.0	27.0	28.0	29.0	30.0	31.0	32.0	33.0	34.0	35.0	36.0	37.0	38.0	39.0	40.0
fastqc | MantonBM1_HiSeq_7_S7_L007_R2_001	535.0	12673.0	35837.0	53980.0	75303.0	119812.0	170115.0	206166.0	233940.0	262740.0	297400.0	340150.0	387614.0	441607.0	500680.0	568326.0	646618.0	738674.0	847805.0	980204.0	1139166.0	1335097.0	1590273.0	1935675.0	2456832.0	3309341.0	5013376.0	10237636.0	26303985.0
	12.0	13.0	14.0	15.0	16.0	17.0	18.0	19.0	20.0	21.0	22.0	23.0	24.0	25.0	26.0	27.0	28.0	29.0	30.0	31.0	32.0	33.0	34.0	35.0	36.0	37.0	38.0	39.0	40.0
fastqc | MantonBM1_HiSeq_7_S7_L008_R2_001	471.0	12043.0	32311.0	49726.0	73818.0	118301.0	167232.0	201371.0	229484.0	257206.0	291508.0	333229.0	380583.0	432281.0	490317.0	553862.0	627898.0	714956.0	815032.0	937516.0	1081214.0	1260647.0	1494638.0	1814270.0	2280704.0	3047290.0	4596402.0	9267277.0	26398614.0
	12.0	13.0	14.0	15.0	16.0	17.0	18.0	19.0	20.0	21.0	22.0	23.0	24.0	25.0	26.0	27.0	28.0	29.0	30.0	31.0	32.0	33.0	34.0	35.0	36.0	37.0	38.0	39.0	40.0
fastqc | MantonBM1_HiSeq_8_S8_L007_R2_001	544.0	12925.0	35147.0	52164.0	72075.0	111488.0	158131.0	192471.0	220192.0	247877.0	283327.0	323481.0	370747.0	423590.0	481765.0	547955.0	624359.0	715845.0	822616.0	951645.0	1106520.0	1295746.0	1545147.0	1886851.0	2393456.0	3234327.0	4923262.0	10155471.0	26372214.0
	12.0	13.0	14.0	15.0	16.0	17.0	18.0	19.0	20.0	21.0	22.0	23.0	24.0	25.0	26.0	27.0	28.0	29.0	30.0	31.0	32.0	33.0	34.0	35.0	36.0	37.0	38.0	39.0	40.0
fastqc | MantonBM1_HiSeq_8_S8_L008_R2_001	496.0	12115.0	31805.0	48148.0	69869.0	111479.0	156983.0	189209.0	216774.0	244673.0	279265.0	318665.0	365802.0	417357.0	474593.0	536669.0	607820.0	693527.0	793701.0	912773.0	1053148.0	1231329.0	1463104.0	1777587.0	2231507.0	2989812.0	4529411.0	9201549.0	26504453.0
	12.0	13.0	14.0	15.0	16.0	17.0	18.0	19.0	20.0	21.0	22.0	23.0	24.0	25.0	26.0	27.0	28.0	29.0	30.0	31.0	32.0	33.0	34.0	35.0	36.0	37.0	38.0	39.0	40.0
fastqc | MantonBM2_HiSeq_1_S9_L005_R2_001	304.0	7638.0	19369.0	27856.0	40547.0	69276.0	104795.0	132469.0	155683.0	178984.0	207308.0	240855.0	277694.0	318254.0	366012.0	418509.0	478796.0	548084.0	630341.0	729750.0	849491.0	1001559.0	1206982.0	1503291.0	1955694.0	2720611.0	4284940.0	8993182.0	23628104.0
	12.0	13.0	14.0	15.0	16.0	17.0	18.0	19.0	20.0	21.0	22.0	23.0	24.0	25.0	26.0	27.0	28.0	29.0	30.0	31.0	32.0	33.0	34.0	35.0	36.0	37.0	38.0	39.0	40.0
fastqc | MantonBM2_HiSeq_1_S9_L006_R2_001	217.0	6079.0	16791.0	26974.0	43279.0	77326.0	120097.0	155592.0	185714.0	217757.0	253279.0	293319.0	337294.0	383783.0	434872.0	491230.0	556233.0	627365.0	714562.0	816255.0	936501.0	1087912.0	1286783.0	1560372.0	1962018.0	2618283.0	3927015.0	7816019.0	19969966.0
	12.0	13.0	14.0	15.0	16.0	17.0	18.0	19.0	20.0	21.0	22.0	23.0	24.0	25.0	26.0	27.0	28.0	29.0	30.0	31.0	32.0	33.0	34.0	35.0	36.0	37.0	38.0	39.0	40.0
fastqc | MantonBM2_HiSeq_2_S10_L005_R2_001	335.0	8417.0	21244.0	31110.0	46190.0	80881.0	123645.0	155382.0	181572.0	207670.0	239300.0	277729.0	319395.0	366356.0	418883.0	480535.0	548688.0	631023.0	724281.0	838506.0	978133.0	1156768.0	1398308.0	1737833.0	2258218.0	3139793.0	4918974.0	10225459.0	26452211.0
	12.0	13.0	14.0	15.0	16.0	17.0	18.0	19.0	20.0	21.0	22.0	23.0	24.0	25.0	26.0	27.0	28.0	29.0	30.0	31.0	32.0	33.0	34.0	35.0	36.0	37.0	38.0	39.0	40.0
fastqc | MantonBM2_HiSeq_2_S10_L006_R2_001	244.0	6740.0	18309.0	29608.0	48638.0	88438.0	138713.0	178166.0	212498.0	248504.0	287081.0	330662.0	380270.0	433243.0	493224.0	556089.0	629678.0	713042.0	812174.0	925803.0	1066608.0	1242555.0	1470390.0	1785300.0	2245829.0	2996382.0	4475550.0	8855537.0	22362859.0
	12.0	13.0	14.0	15.0	16.0	17.0	18.0	19.0	20.0	21.0	22.0	23.0	24.0	25.0	26.0	27.0	28.0	29.0	30.0	31.0	32.0	33.0	34.0	35.0	36.0	37.0	38.0	39.0	40.0
fastqc | MantonBM2_HiSeq_3_S11_L005_R2_001	305.0	8129.0	20873.0	30147.0	43659.0	75341.0	114737.0	146062.0	171715.0	198984.0	230453.0	266507.0	307902.0	353555.0	404199.0	464497.0	532107.0	609436.0	699861.0	810593.0	946005.0	1117370.0	1349326.0	1679413.0	2183470.0	3025350.0	4742868.0	9872867.0	25568992.0
	12.0	13.0	14.0	15.0	16.0	17.0	18.0	19.0	20.0	21.0	22.0	23.0	24.0	25.0	26.0	27.0	28.0	29.0	30.0	31.0	32.0	33.0	34.0	35.0	36.0	37.0	38.0	39.0	40.0
fastqc | MantonBM2_HiSeq_3_S11_L006_R2_001	234.0	6381.0	17552.0	28469.0	45634.0	83234.0	129577.0	168571.0	203507.0	238130.0	276638.0	320594.0	369130.0	420193.0	476755.0	539372.0	610313.0	691047.0	784731.0	893660.0	1030238.0	1200707.0	1421426.0	1722477.0	2168840.0	2898461.0	4329335.0	8560197.0	21626566.0
	12.0	13.0	14.0	15.0	16.0	17.0	18.0	19.0	20.0	21.0	22.0	23.0	24.0	25.0	26.0	27.0	28.0	29.0	30.0	31.0	32.0	33.0	34.0	35.0	36.0	37.0	38.0	39.0	40.0
fastqc | MantonBM2_HiSeq_4_S12_L005_R2_001	355.0	9693.0	24166.0	33352.0	48228.0	81942.0	122247.0	149239.0	170718.0	192003.0	221730.0	254588.0	293991.0	338037.0	386177.0	441364.0	507867.0	583217.0	672127.0	779029.0	908811.0	1074568.0	1296372.0	1609931.0	2083724.0	2883728.0	4501119.0	9311958.0	25280132.0
	12.0	13.0	14.0	15.0	16.0	17.0	18.0	19.0	20.0	21.0	22.0	23.0	24.0	25.0	26.0	27.0	28.0	29.0	30.0	31.0	32.0	33.0	34.0	35.0	36.0	37.0	38.0	39.0	40.0
fastqc | MantonBM2_HiSeq_4_S12_L006_R2_001	284.0	7517.0	20782.0	32144.0	49863.0	87840.0	133012.0	167115.0	194702.0	225671.0	260562.0	301776.0	347290.0	396118.0	449844.0	511202.0	578540.0	657473.0	750644.0	858420.0	988253.0	1152930.0	1365291.0	1659609.0	2085338.0	2781710.0	4150005.0	8186795.0	21598687.0
	12.0	13.0	14.0	15.0	16.0	17.0	18.0	19.0	20.0	21.0	22.0	23.0	24.0	25.0	26.0	27.0	28.0	29.0	30.0	31.0	32.0	33.0	34.0	35.0	36.0	37.0	38.0	39.0	40.0
fastqc | MantonBM2_HiSeq_5_S13_L005_R2_001	300.0	8391.0	21019.0	28862.0	40341.0	65794.0	99801.0	128848.0	155697.0	184698.0	217160.0	257360.0	300196.0	348298.0	402190.0	462228.0	533983.0	614766.0	710875.0	826337.0	967341.0	1148383.0	1388748.0	1733934.0	2260876.0	3156633.0	4975940.0	10520397.0	28015230.0
	12.0	13.0	14.0	15.0	16.0	17.0	18.0	19.0	20.0	21.0	22.0	23.0	24.0	25.0	26.0	27.0	28.0	29.0	30.0	31.0	32.0	33.0	34.0	35.0	36.0	37.0	38.0	39.0	40.0
fastqc | MantonBM2_HiSeq_5_S13_L006_R2_001	231.0	6564.0	17933.0	27696.0	42802.0	73872.0	116039.0	154703.0	191760.0	229806.0	271103.0	319829.0	370799.0	426590.0	487903.0	554223.0	630500.0	715340.0	815809.0	935935.0	1079920.0	1260751.0	1494816.0	1817563.0	2290886.0	3062788.0	4588179.0	9182047.0	23611367.0
	12.0	13.0	14.0	15.0	16.0	17.0	18.0	19.0	20.0	21.0	22.0	23.0	24.0	25.0	26.0	27.0	28.0	29.0	30.0	31.0	32.0	33.0	34.0	35.0	36.0	37.0	38.0	39.0	40.0
fastqc | MantonBM2_HiSeq_6_S14_L005_R2_001	353.0	8927.0	21729.0	30509.0	43556.0	73158.0	110258.0	142215.0	168601.0	197310.0	230303.0	268366.0	312474.0	362155.0	416224.0	476616.0	547671.0	629233.0	724701.0	842777.0	982085.0	1164882.0	1409863.0	1754650.0	2285028.0	3181366.0	5010038.0	10550217.0	27529142.0
	12.0	13.0	14.0	15.0	16.0	17.0	18.0	19.0	20.0	21.0	22.0	23.0	24.0	25.0	26.0	27.0	28.0	29.0	30.0	31.0	32.0	33.0	34.0	35.0	36.0	37.0	38.0	39.0	40.0
fastqc | MantonBM2_HiSeq_6_S14_L006_R2_001	302.0	6950.0	18695.0	29440.0	46866.0	82866.0	129309.0	169611.0	206385.0	244935.0	286322.0	333669.0	385183.0	440964.0	501286.0	570170.0	643464.0	731879.0	832834.0	951393.0	1094806.0	1275373.0	1510821.0	1834988.0	2307751.0	3083058.0	4618474.0	9200494.0	23278436.0
	12.0	13.0	14.0	15.0	16.0	17.0	18.0	19.0	20.0	21.0	22.0	23.0	24.0	25.0	26.0	27.0	28.0	29.0	30.0	31.0	32.0	33.0	34.0	35.0	36.0	37.0	38.0	39.0	40.0
fastqc | MantonBM2_HiSeq_7_S15_L005_R2_001	354.0	9668.0	24215.0	33789.0	47573.0	79695.0	120407.0	155555.0	185948.0	218377.0	255969.0	299536.0	349197.0	404185.0	465531.0	534503.0	615560.0	706859.0	816405.0	948613.0	1106602.0	1312300.0	1591134.0	1984929.0	2584843.0	3605789.0	5682118.0	11983701.0	31749273.0
	12.0	13.0	14.0	15.0	16.0	17.0	18.0	19.0	20.0	21.0	22.0	23.0	24.0	25.0	26.0	27.0	28.0	29.0	30.0	31.0	32.0	33.0	34.0	35.0	36.0	37.0	38.0	39.0	40.0
fastqc | MantonBM2_HiSeq_7_S15_L006_R2_001	297.0	7595.0	21154.0	33026.0	51067.0	90065.0	139989.0	185371.0	226091.0	269366.0	317572.0	371250.0	428972.0	492066.0	559818.0	637769.0	722994.0	820913.0	936340.0	1073004.0	1233032.0	1438261.0	1706304.0	2074960.0	2612371.0	3495597.0	5238054.0	10448977.0	26806066.0
	12.0	13.0	14.0	15.0	16.0	17.0	18.0	19.0	20.0	21.0	22.0	23.0	24.0	25.0	26.0	27.0	28.0	29.0	30.0	31.0	32.0	33.0	34.0	35.0	36.0	37.0	38.0	39.0	40.0
fastqc | MantonBM2_HiSeq_8_S16_L005_R2_001	422.0	9356.0	22005.0	29903.0	41370.0	67692.0	99895.0	128063.0	152589.0	179281.0	209530.0	246038.0	287215.0	333292.0	382963.0	440113.0	504453.0	581379.0	667808.0	772245.0	902730.0	1064452.0	1282193.0	1593768.0	2068420.0	2870071.0	4506146.0	9473744.0	25164836.0
	12.0	13.0	14.0	15.0	16.0	17.0	18.0	19.0	20.0	21.0	22.0	23.0	24.0	25.0	26.0	27.0	28.0	29.0	30.0	31.0	32.0	33.0	34.0	35.0	36.0	37.0	38.0	39.0	40.0
fastqc | MantonBM2_HiSeq_8_S16_L006_R2_001	293.0	7262.0	19010.0	28609.0	44528.0	75564.0	116253.0	152161.0	185036.0	219708.0	260071.0	303817.0	352241.0	403617.0	459275.0	522952.0	592460.0	669102.0	761983.0	868021.0	998766.0	1161755.0	1373822.0	1663425.0	2086977.0	2779596.0	4155360.0	8268295.0	21230357.0
	12.0	13.0	14.0	15.0	16.0	17.0	18.0	19.0	20.0	21.0	22.0	23.0	24.0	25.0	26.0	27.0	28.0	29.0	30.0	31.0	32.0	33.0	34.0	35.0	36.0	37.0	38.0	39.0	40.0
fastqc | MantonBM3_HiSeq_1_S17_L003_R2_001	323.0	8264.0	22153.0	30228.0	39408.0	62581.0	92653.0	117029.0	137026.0	156648.0	183225.0	213442.0	249434.0	291737.0	338446.0	394166.0	457080.0	533943.0	622569.0	731964.0	866282.0	1031570.0	1254470.0	1563264.0	2048598.0	2867926.0	4528055.0	9830639.0	26344901.0
	12.0	13.0	14.0	15.0	16.0	17.0	18.0	19.0	20.0	21.0	22.0	23.0	24.0	25.0	26.0	27.0	28.0	29.0	30.0	31.0	32.0	33.0	34.0	35.0	36.0	37.0	38.0	39.0	40.0
fastqc | MantonBM3_HiSeq_1_S17_L004_R2_001	274.0	7368.0	20184.0	29240.0	40580.0	66165.0	99439.0	127376.0	150449.0	175734.0	204396.0	239313.0	279421.0	323590.0	373756.0	428947.0	493275.0	569577.0	657469.0	763244.0	889776.0	1048750.0	1258215.0	1561163.0	2027437.0	2801767.0	4327886.0	8979152.0	24101445.0
	12.0	13.0	14.0	15.0	16.0	17.0	18.0	19.0	20.0	21.0	22.0	23.0	24.0	25.0	26.0	27.0	28.0	29.0	30.0	31.0	32.0	33.0	34.0	35.0	36.0	37.0	38.0	39.0	40.0
fastqc | MantonBM3_HiSeq_2_S18_L003_R2_001	456.0	11232.0	29538.0	41491.0	57737.0	96279.0	145342.0	185668.0	216595.0	246507.0	284446.0	329806.0	379911.0	439538.0	508624.0	586874.0	679850.0	785997.0	915827.0	1074209.0	1268824.0	1512196.0	1836997.0	2298167.0	3010253.0	4224887.0	6678408.0	14384866.0	35253095.0
	12.0	13.0	14.0	15.0	16.0	17.0	18.0	19.0	20.0	21.0	22.0	23.0	24.0	25.0	26.0	27.0	28.0	29.0	30.0	31.0	32.0	33.0	34.0	35.0	36.0	37.0	38.0	39.0	40.0
fastqc | MantonBM3_HiSeq_2_S18_L004_R2_001	339.0	9850.0	26789.0	39689.0	58829.0	101697.0	156604.0	201237.0	236589.0	272801.0	315808.0	365061.0	420561.0	484974.0	553013.0	631735.0	723672.0	829404.0	951607.0	1102136.0	1282895.0	1509770.0	1812136.0	2251095.0	2918211.0	4039017.0	6238740.0	12929123.0	32015509.0
	12.0	13.0	14.0	15.0	16.0	17.0	18.0	19.0	20.0	21.0	22.0	23.0	24.0	25.0	26.0	27.0	28.0	29.0	30.0	31.0	32.0	33.0	34.0	35.0	36.0	37.0	38.0	39.0	40.0
fastqc | MantonBM3_HiSeq_3_S19_L003_R2_001	345.0	8053.0	21296.0	28408.0	37795.0	61233.0	92117.0	118351.0	139116.0	161255.0	188918.0	221472.0	257646.0	300934.0	349556.0	405761.0	471938.0	548557.0	639100.0	750304.0	886000.0	1058140.0	1281728.0	1599870.0	2091365.0	2926465.0	4626585.0	10063883.0	25626188.0
	12.0	13.0	14.0	15.0	16.0	17.0	18.0	19.0	20.0	21.0	22.0	23.0	24.0	25.0	26.0	27.0	28.0	29.0	30.0	31.0	32.0	33.0	34.0	35.0	36.0	37.0	38.0	39.0	40.0
fastqc | MantonBM3_HiSeq_3_S19_L004_R2_001	250.0	7374.0	18961.0	27316.0	39083.0	65238.0	99282.0	128581.0	153468.0	180284.0	212226.0	247831.0	288094.0	334475.0	384939.0	440418.0	506981.0	581933.0	671002.0	779816.0	903263.0	1064665.0	1276395.0	1578587.0	2048769.0	2829461.0	4363095.0	9088954.0	23235091.0
	12.0	13.0	14.0	15.0	16.0	17.0	18.0	19.0	20.0	21.0	22.0	23.0	24.0	25.0	26.0	27.0	28.0	29.0	30.0	31.0	32.0	33.0	34.0	35.0	36.0	37.0	38.0	39.0	40.0
fastqc | MantonBM3_HiSeq_4_S20_L003_R2_001	404.0	9365.0	25581.0	35673.0	46685.0	74112.0	109396.0	140675.0	167501.0	193462.0	227669.0	267589.0	314344.0	367653.0	428014.0	498457.0	580174.0	675816.0	789996.0	929681.0	1099616.0	1313132.0	1593348.0	1993055.0	2609063.0	3654449.0	5785318.0	12599253.0	32435579.0
	12.0	13.0	14.0	15.0	16.0	17.0	18.0	19.0	20.0	21.0	22.0	23.0	24.0	25.0	26.0	27.0	28.0	29.0	30.0	31.0	32.0	33.0	34.0	35.0	36.0	37.0	38.0	39.0	40.0
fastqc | MantonBM3_HiSeq_4_S20_L004_R2_001	315.0	8584.0	23245.0	33903.0	47733.0	79524.0	119235.0	155094.0	186153.0	219547.0	258105.0	303361.0	354790.0	413029.0	475728.0	548804.0	631694.0	725569.0	836776.0	973194.0	1135933.0	1336289.0	1605317.0	1987480.0	2582255.0	3561860.0	5492545.0	11427448.0	29547193.0
	12.0	13.0	14.0	15.0	16.0	17.0	18.0	19.0	20.0	21.0	22.0	23.0	24.0	25.0	26.0	27.0	28.0	29.0	30.0	31.0	32.0	33.0	34.0	35.0	36.0	37.0	38.0	39.0	40.0
fastqc | MantonBM3_HiSeq_5_S21_L003_R2_001	341.0	7892.0	19864.0	27112.0	37062.0	61441.0	93354.0	119910.0	142673.0	166455.0	194805.0	227225.0	265626.0	306833.0	356678.0	412500.0	476931.0	552530.0	641132.0	752797.0	882543.0	1049712.0	1269082.0	1580553.0	2062108.0	2881790.0	4547344.0	9880550.0	24131948.0
	12.0	13.0	14.0	15.0	16.0	17.0	18.0	19.0	20.0	21.0	22.0	23.0	24.0	25.0	26.0	27.0	28.0	29.0	30.0	31.0	32.0	33.0	34.0	35.0	36.0	37.0	38.0	39.0	40.0
fastqc | MantonBM3_HiSeq_5_S21_L004_R2_001	250.0	6955.0	18128.0	26144.0	38209.0	65872.0	100823.0	132172.0	159241.0	186285.0	219607.0	255962.0	295435.0	342522.0	392780.0	449156.0	513025.0	584632.0	672555.0	775536.0	900045.0	1051135.0	1258449.0	1550449.0	2006266.0	2757935.0	4249820.0	8839066.0	21760567.0
	11.0	12.0	13.0	14.0	15.0	16.0	17.0	18.0	19.0	20.0	21.0	22.0	23.0	24.0	25.0	26.0	27.0	28.0	29.0	30.0	31.0	32.0	33.0	34.0	35.0	36.0	37.0	38.0	39.0	40.0
fastqc | MantonBM3_HiSeq_6_S22_L003_R2_001	1.0	346.0	7846.0	19171.0	26865.0	37606.0	63024.0	96828.0	124929.0	148091.0	171685.0	200802.0	234497.0	273933.0	315977.0	366230.0	423027.0	488930.0	564687.0	657290.0	768590.0	902151.0	1071537.0	1298934.0	1616754.0	2111390.0	2952989.0	4656690.0	10123234.0	24730038.0
	12.0	13.0	14.0	15.0	16.0	17.0	18.0	19.0	20.0	21.0	22.0	23.0	24.0	25.0	26.0	27.0	28.0	29.0	30.0	31.0	32.0	33.0	34.0	35.0	36.0	37.0	38.0	39.0	40.0
fastqc | MantonBM3_HiSeq_6_S22_L004_R2_001	260.0	6813.0	17876.0	26045.0	38877.0	67882.0	105185.0	135920.0	164436.0	192662.0	225911.0	264796.0	304697.0	353188.0	403367.0	460454.0	524668.0	600632.0	688966.0	792578.0	918633.0	1075884.0	1287013.0	1589116.0	2053614.0	2827907.0	4353764.0	9060642.0	22362505.0
	11.0	12.0	13.0	14.0	15.0	16.0	17.0	18.0	19.0	20.0	21.0	22.0	23.0	24.0	25.0	26.0	27.0	28.0	29.0	30.0	31.0	32.0	33.0	34.0	35.0	36.0	37.0	38.0	39.0	40.0
fastqc | MantonBM3_HiSeq_7_S23_L003_R2_001	1.0	366.0	7980.0	18129.0	24120.0	34508.0	59188.0	93610.0	122666.0	147641.0	171272.0	200479.0	233782.0	270836.0	311728.0	358683.0	411200.0	471614.0	542555.0	624937.0	725663.0	848767.0	1002831.0	1211632.0	1504823.0	1962057.0	2742479.0	4334616.0	9381873.0	21456865.0
	12.0	13.0	14.0	15.0	16.0	17.0	18.0	19.0	20.0	21.0	22.0	23.0	24.0	25.0	26.0	27.0	28.0	29.0	30.0	31.0	32.0	33.0	34.0	35.0	36.0	37.0	38.0	39.0	40.0
fastqc | MantonBM3_HiSeq_7_S23_L004_R2_001	222.0	6976.0	16451.0	23107.0	35227.0	63960.0	101924.0	135465.0	165443.0	194068.0	226081.0	263001.0	302893.0	345900.0	393670.0	442601.0	502885.0	569426.0	648195.0	742323.0	855823.0	996997.0	1184853.0	1459663.0	1882114.0	2586395.0	3989323.0	8297573.0	19244912.0
	12.0	13.0	14.0	15.0	16.0	17.0	18.0	19.0	20.0	21.0	22.0	23.0	24.0	25.0	26.0	27.0	28.0	29.0	30.0	31.0	32.0	33.0	34.0	35.0	36.0	37.0	38.0	39.0	40.0
fastqc | MantonBM3_HiSeq_8_S24_L003_R2_001	321.0	7893.0	19503.0	25549.0	32726.0	50660.0	75352.0	98745.0	120302.0	141865.0	168843.0	200994.0	238412.0	280285.0	328288.0	382668.0	446762.0	521243.0	610325.0	717909.0	850043.0	1014760.0	1234136.0	1541523.0	2018576.0	2830028.0	4474652.0	9759984.0	24849066.0
	12.0	13.0	14.0	15.0	16.0	17.0	18.0	19.0	20.0	21.0	22.0	23.0	24.0	25.0	26.0	27.0	28.0	29.0	30.0	31.0	32.0	33.0	34.0	35.0	36.0	37.0	38.0	39.0	40.0
fastqc | MantonBM3_HiSeq_8_S24_L004_R2_001	249.0	6929.0	17705.0	24437.0	33525.0	53967.0	82328.0	108432.0	134451.0	161155.0	193277.0	230193.0	270516.0	315889.0	366415.0	422668.0	486986.0	561539.0	649340.0	752843.0	879048.0	1035378.0	1241923.0	1541217.0	2003934.0	2766261.0	4269929.0	8878338.0	22559909.0
	12.0	13.0	14.0	15.0	16.0	17.0	18.0	19.0	20.0	21.0	22.0	23.0	24.0	25.0	26.0	27.0	28.0	29.0	30.0	31.0	32.0	33.0	34.0	35.0	36.0	37.0	38.0	39.0	40.0
fastqc | MantonBM4_HiSeq_1_S25_L001_R2_001	463.0	10339.0	25303.0	33500.0	45497.0	69885.0	97849.0	121445.0	141833.0	164027.0	190886.0	224732.0	265207.0	310576.0	361364.0	419422.0	485952.0	564841.0	658276.0	768833.0	905222.0	1076251.0	1304690.0	1633649.0	2115601.0	2918082.0	4583931.0	10187043.0	31954175.0
	12.0	13.0	14.0	15.0	16.0	17.0	18.0	19.0	20.0	21.0	22.0	23.0	24.0	25.0	26.0	27.0	28.0	29.0	30.0	31.0	32.0	33.0	34.0	35.0	36.0	37.0	38.0	39.0	40.0
fastqc | MantonBM4_HiSeq_1_S25_L002_R2_001	373.0	8589.0	23102.0	33387.0	45092.0	68966.0	99690.0	126497.0	149454.0	175922.0	206902.0	245952.0	290371.0	342906.0	398611.0	465526.0	542164.0	632153.0	735899.0	859981.0	1010661.0	1200311.0	1452785.0	1803041.0	2329737.0	3201609.0	4974802.0	10856147.0	28210582.0
	12.0	13.0	14.0	15.0	16.0	17.0	18.0	19.0	20.0	21.0	22.0	23.0	24.0	25.0	26.0	27.0	28.0	29.0	30.0	31.0	32.0	33.0	34.0	35.0	36.0	37.0	38.0	39.0	40.0
fastqc | MantonBM4_HiSeq_2_S26_L001_R2_001	555.0	11008.0	22361.0	27776.0	38170.0	61105.0	89538.0	115111.0	137507.0	161522.0	188875.0	222283.0	258867.0	300572.0	345470.0	396317.0	455903.0	525077.0	604934.0	701493.0	819689.0	970038.0	1176694.0	1464426.0	1898434.0	2627969.0	4142043.0	9172254.0	25670984.0
	12.0	13.0	14.0	15.0	16.0	17.0	18.0	19.0	20.0	21.0	22.0	23.0	24.0	25.0	26.0	27.0	28.0	29.0	30.0	31.0	32.0	33.0	34.0	35.0	36.0	37.0	38.0	39.0	40.0
fastqc | MantonBM4_HiSeq_2_S26_L002_R2_001	379.0	8738.0	19677.0	26723.0	36468.0	58258.0	88460.0	115052.0	139908.0	165521.0	196895.0	230407.0	269467.0	313476.0	363882.0	419401.0	483249.0	553723.0	640805.0	744247.0	871028.0	1030722.0	1243945.0	1544657.0	1997204.0	2747484.0	4295822.0	9278944.0	21373796.0
	12.0	13.0	14.0	15.0	16.0	17.0	18.0	19.0	20.0	21.0	22.0	23.0	24.0	25.0	26.0	27.0	28.0	29.0	30.0	31.0	32.0	33.0	34.0	35.0	36.0	37.0	38.0	39.0	40.0
fastqc | MantonBM4_HiSeq_3_S27_L001_R2_001	429.0	8713.0	19580.0	26611.0	38924.0	64991.0	94405.0	118503.0	137984.0	157578.0	182263.0	212008.0	246671.0	286042.0	330308.0	381512.0	440380.0	508000.0	590289.0	686505.0	807341.0	963612.0	1169809.0	1460900.0	1898912.0	2630068.0	4140777.0	9155652.0	27824847.0
	12.0	13.0	14.0	15.0	16.0	17.0	18.0	19.0	20.0	21.0	22.0	23.0	24.0	25.0	26.0	27.0	28.0	29.0	30.0	31.0	32.0	33.0	34.0	35.0	36.0	37.0	38.0	39.0	40.0
fastqc | MantonBM4_HiSeq_3_S27_L002_R2_001	315.0	7193.0	18041.0	26026.0	38150.0	62911.0	94160.0	120517.0	142789.0	166400.0	193452.0	226975.0	265414.0	309725.0	359936.0	416457.0	484069.0	557956.0	651141.0	758962.0	891211.0	1056350.0	1280934.0	1589827.0	2056368.0	2837439.0	4410486.0	9550923.0	24094213.0
	12.0	13.0	14.0	15.0	16.0	17.0	18.0	19.0	20.0	21.0	22.0	23.0	24.0	25.0	26.0	27.0	28.0	29.0	30.0	31.0	32.0	33.0	34.0	35.0	36.0	37.0	38.0	39.0	40.0
fastqc | MantonBM4_HiSeq_4_S28_L001_R2_001	388.0	8894.0	20740.0	28190.0	41229.0	67679.0	99138.0	125103.0	145319.0	166411.0	192347.0	223025.0	260019.0	300745.0	346807.0	399301.0	460801.0	531183.0	615682.0	715454.0	839788.0	997767.0	1208265.0	1509539.0	1953239.0	2700070.0	4254024.0	9392250.0	28371949.0
	12.0	13.0	14.0	15.0	16.0	17.0	18.0	19.0	20.0	21.0	22.0	23.0	24.0	25.0	26.0	27.0	28.0	29.0	30.0	31.0	32.0	33.0	34.0	35.0	36.0	37.0	38.0	39.0	40.0
fastqc | MantonBM4_HiSeq_4_S28_L002_R2_001	345.0	7631.0	19295.0	28105.0	40267.0	66169.0	98593.0	127249.0	151476.0	176337.0	205694.0	240598.0	279167.0	325796.0	378629.0	438747.0	505109.0	583980.0	678363.0	789829.0	926200.0	1098153.0	1325418.0	1648022.0	2123586.0	2925780.0	4545666.0	9829995.0	24701362.0
	12.0	13.0	14.0	15.0	16.0	17.0	18.0	19.0	20.0	21.0	22.0	23.0	24.0	25.0	26.0	27.0	28.0	29.0	30.0	31.0	32.0	33.0	34.0	35.0	36.0	37.0	38.0	39.0	40.0
fastqc | MantonBM4_HiSeq_5_S29_L001_R2_001	442.0	9907.0	22475.0	30690.0	43464.0	71753.0	104078.0	131702.0	155444.0	180607.0	209749.0	244131.0	284262.0	329151.0	380858.0	437798.0	504351.0	578907.0	671287.0	778063.0	909205.0	1080139.0	1305145.0	1625416.0	2103174.0	2908063.0	4574495.0	10151503.0	29297171.0
	12.0	13.0	14.0	15.0	16.0	17.0	18.0	19.0	20.0	21.0	22.0	23.0	24.0	25.0	26.0	27.0	28.0	29.0	30.0	31.0	32.0	33.0	34.0	35.0	36.0	37.0	38.0	39.0	40.0
fastqc | MantonBM4_HiSeq_5_S29_L002_R2_001	337.0	7982.0	19958.0	29477.0	42099.0	68640.0	102924.0	132277.0	159498.0	186464.0	220244.0	257284.0	301161.0	350498.0	405046.0	468856.0	540737.0	621885.0	718218.0	834479.0	974312.0	1153341.0	1388745.0	1723871.0	2228354.0	3062457.0	4767412.0	10339125.0	24608953.0
	12.0	13.0	14.0	15.0	16.0	17.0	18.0	19.0	20.0	21.0	22.0	23.0	24.0	25.0	26.0	27.0	28.0	29.0	30.0	31.0	32.0	33.0	34.0	35.0	36.0	37.0	38.0	39.0	40.0
fastqc | MantonBM4_HiSeq_6_S30_L001_R2_001	427.0	9189.0	20611.0	27309.0	38409.0	62760.0	92181.0	117995.0	139985.0	162546.0	191240.0	224468.0	261639.0	303944.0	350173.0	402150.0	465326.0	534815.0	618672.0	718751.0	842795.0	996536.0	1207800.0	1503921.0	1947787.0	2689370.0	4233997.0	9413713.0	27634585.0
	12.0	13.0	14.0	15.0	16.0	17.0	18.0	19.0	20.0	21.0	22.0	23.0	24.0	25.0	26.0	27.0	28.0	29.0	30.0	31.0	32.0	33.0	34.0	35.0	36.0	37.0	38.0	39.0	40.0
fastqc | MantonBM4_HiSeq_6_S30_L002_R2_001	300.0	7366.0	18687.0	26558.0	37441.0	60914.0	92021.0	120381.0	143983.0	170228.0	201479.0	236388.0	278089.0	324060.0	374176.0	434631.0	500178.0	576062.0	666739.0	773508.0	904775.0	1073445.0	1293356.0	1606084.0	2068766.0	2849056.0	4429966.0	9646325.0	23335911.0
	12.0	13.0	14.0	15.0	16.0	17.0	18.0	19.0	20.0	21.0	22.0	23.0	24.0	25.0	26.0	27.0	28.0	29.0	30.0	31.0	32.0	33.0	34.0	35.0	36.0	37.0	38.0	39.0	40.0
fastqc | MantonBM4_HiSeq_7_S31_L001_R2_001	393.0	8082.0	19904.0	26873.0	37565.0	62144.0	91010.0	116160.0	137795.0	161324.0	188616.0	221179.0	257007.0	298965.0	346283.0	398488.0	458024.0	528899.0	612758.0	712782.0	832646.0	990408.0	1198990.0	1492252.0	1932005.0	2672265.0	4213546.0	9367989.0	27235643.0
	12.0	13.0	14.0	15.0	16.0	17.0	18.0	19.0	20.0	21.0	22.0	23.0	24.0	25.0	26.0	27.0	28.0	29.0	30.0	31.0	32.0	33.0	34.0	35.0	36.0	37.0	38.0	39.0	40.0
fastqc | MantonBM4_HiSeq_7_S31_L002_R2_001	290.0	6720.0	17961.0	26367.0	37004.0	60638.0	91099.0	118127.0	143870.0	169644.0	199842.0	236032.0	276262.0	322573.0	373854.0	432546.0	498755.0	575589.0	665104.0	771751.0	906597.0	1071986.0	1291457.0	1603810.0	2069343.0	2844120.0	4432806.0	9634304.0	23057254.0
	11.0	12.0	13.0	14.0	15.0	16.0	17.0	18.0	19.0	20.0	21.0	22.0	23.0	24.0	25.0	26.0	27.0	28.0	29.0	30.0	31.0	32.0	33.0	34.0	35.0	36.0	37.0	38.0	39.0	40.0
fastqc | MantonBM4_HiSeq_8_S32_L001_R2_001	1.0	432.0	10887.0	25693.0	32979.0	42063.0	61626.0	85531.0	106667.0	125136.0	145201.0	171723.0	203258.0	241305.0	283232.0	333827.0	388307.0	455728.0	532227.0	622012.0	729139.0	862074.0	1032445.0	1258577.0	1579358.0	2049532.0	2842667.0	4468916.0	9940831.0	32509012.0
	12.0	13.0	14.0	15.0	16.0	17.0	18.0	19.0	20.0	21.0	22.0	23.0	24.0	25.0	26.0	27.0	28.0	29.0	30.0	31.0	32.0	33.0	34.0	35.0	36.0	37.0	38.0	39.0	40.0
fastqc | MantonBM4_HiSeq_8_S32_L002_R2_001	352.0	9057.0	23990.0	33159.0	42267.0	62635.0	88145.0	110278.0	133613.0	158621.0	188754.0	225996.0	268296.0	319696.0	376548.0	440722.0	517177.0	605115.0	708924.0	833606.0	982949.0	1171601.0	1423705.0	1774897.0	2302580.0	3169235.0	4924968.0	10777617.0	29200469.0
	11.0	12.0	13.0	14.0	15.0	16.0	17.0	18.0	19.0	20.0	21.0	22.0	23.0	24.0	25.0	26.0	27.0	28.0	29.0	30.0	31.0	32.0	33.0	34.0	35.0	36.0	37.0	38.0	39.0	40.0
fastqc | MantonBM5_HiSeq_1_S1_L001_R2_001	38.0	1712.0	13040.0	21867.0	25224.0	35537.0	53975.0	72074.0	85732.0	98801.0	114354.0	132781.0	155638.0	182803.0	214577.0	252748.0	297553.0	349839.0	409354.0	486169.0	579322.0	705741.0	873769.0	1116100.0	1481709.0	2067713.0	3113633.0	5426552.0	13051248.0	29428236.0
	11.0	12.0	13.0	14.0	15.0	16.0	17.0	18.0	19.0	20.0	21.0	22.0	23.0	24.0	25.0	26.0	27.0	28.0	29.0	30.0	31.0	32.0	33.0	34.0	35.0	36.0	37.0	38.0	39.0	40.0
fastqc | MantonBM5_HiSeq_1_S1_L002_R2_001	21.0	1621.0	13102.0	21553.0	25023.0	36057.0	54816.0	73433.0	87531.0	100999.0	114265.0	131451.0	153825.0	179154.0	209132.0	243047.0	284483.0	332954.0	389853.0	460987.0	548603.0	659100.0	808349.0	1026272.0	1348343.0	1886365.0	2885203.0	5143433.0	12993762.0	31816888.0
	11.0	12.0	13.0	14.0	15.0	16.0	17.0	18.0	19.0	20.0	21.0	22.0	23.0	24.0	25.0	26.0	27.0	28.0	29.0	30.0	31.0	32.0	33.0	34.0	35.0	36.0	37.0	38.0	39.0	40.0
fastqc | MantonBM5_HiSeq_2_S2_L001_R2_001	26.0	1480.0	12159.0	20084.0	23798.0	33956.0	53074.0	72425.0	88243.0	102712.0	119115.0	140093.0	164653.0	193046.0	226293.0	265271.0	312108.0	368671.0	431732.0	511035.0	611337.0	743935.0	919330.0	1177241.0	1567135.0	2186180.0	3291384.0	5737855.0	13671992.0	29411931.0
	11.0	12.0	13.0	14.0	15.0	16.0	17.0	18.0	19.0	20.0	21.0	22.0	23.0	24.0	25.0	26.0	27.0	28.0	29.0	30.0	31.0	32.0	33.0	34.0	35.0	36.0	37.0	38.0	39.0	40.0
fastqc | MantonBM5_HiSeq_2_S2_L002_R2_001	19.0	1434.0	12003.0	20336.0	23264.0	35215.0	54490.0	74101.0	90034.0	104730.0	120197.0	139509.0	162070.0	188599.0	219024.0	255947.0	299443.0	351007.0	408820.0	481490.0	575050.0	692433.0	851334.0	1078913.0	1423200.0	1996533.0	3056942.0	5453873.0	13661505.0	31843867.0
	11.0	12.0	13.0	14.0	15.0	16.0	17.0	18.0	19.0	20.0	21.0	22.0	23.0	24.0	25.0	26.0	27.0	28.0	29.0	30.0	31.0	32.0	33.0	34.0	35.0	36.0	37.0	38.0	39.0	40.0
fastqc | MantonBM5_HiSeq_3_S3_L001_R2_001	33.0	1642.0	12670.0	22354.0	25171.0	35358.0	53231.0	70786.0	85607.0	98583.0	114880.0	134706.0	158899.0	188234.0	220712.0	259876.0	308070.0	362571.0	425990.0	507811.0	608070.0	738614.0	917285.0	1171098.0	1562596.0	2179733.0	3291244.0	5736985.0	13792755.0	30677488.0
	11.0	12.0	13.0	14.0	15.0	16.0	17.0	18.0	19.0	20.0	21.0	22.0	23.0	24.0	25.0	26.0	27.0	28.0	29.0	30.0	31.0	32.0	33.0	34.0	35.0	36.0	37.0	38.0	39.0	40.0
fastqc | MantonBM5_HiSeq_3_S3_L002_R2_001	21.0	1418.0	12704.0	21937.0	25232.0	35615.0	53392.0	72478.0	87130.0	100363.0	115064.0	134663.0	157193.0	183503.0	213928.0	251972.0	295754.0	346742.0	406640.0	480194.0	572022.0	692558.0	851027.0	1078805.0	1422093.0	1993811.0	3052387.0	5445303.0	13739290.0	33117643.0
	11.0	12.0	13.0	14.0	15.0	16.0	17.0	18.0	19.0	20.0	21.0	22.0	23.0	24.0	25.0	26.0	27.0	28.0	29.0	30.0	31.0	32.0	33.0	34.0	35.0	36.0	37.0	38.0	39.0	40.0
fastqc | MantonBM5_HiSeq_4_S4_L001_R2_001	23.0	1652.0	13334.0	22531.0	25718.0	35200.0	51996.0	69906.0	83665.0	96552.0	112637.0	131922.0	154993.0	183159.0	215634.0	253959.0	299691.0	353094.0	415052.0	490263.0	587239.0	712582.0	881455.0	1124254.0	1491957.0	2080785.0	3132399.0	5462015.0	13160593.0	29465211.0
	11.0	12.0	13.0	14.0	15.0	16.0	17.0	18.0	19.0	20.0	21.0	22.0	23.0	24.0	25.0	26.0	27.0	28.0	29.0	30.0	31.0	32.0	33.0	34.0	35.0	36.0	37.0	38.0	39.0	40.0
fastqc | MantonBM5_HiSeq_4_S4_L002_R2_001	17.0	1525.0	13163.0	22398.0	25533.0	35541.0	53654.0	70816.0	85277.0	98188.0	112090.0	130665.0	152208.0	179223.0	208942.0	243280.0	287124.0	335728.0	393754.0	463745.0	551470.0	663803.0	814395.0	1031822.0	1359854.0	1898991.0	2900269.0	5179802.0	13074622.0	31814834.0
	11.0	12.0	13.0	14.0	15.0	16.0	17.0	18.0	19.0	20.0	21.0	22.0	23.0	24.0	25.0	26.0	27.0	28.0	29.0	30.0	31.0	32.0	33.0	34.0	35.0	36.0	37.0	38.0	39.0	40.0
fastqc | MantonBM5_HiSeq_5_S5_L001_R2_001	34.0	1549.0	11802.0	20161.0	23827.0	36276.0	57361.0	78043.0	94998.0	109706.0	126451.0	147634.0	172531.0	200546.0	235189.0	273481.0	320483.0	377160.0	443982.0	524435.0	628369.0	762985.0	945016.0	1208547.0	1606138.0	2236274.0	3360578.0	5842408.0	13838188.0	28967239.0
	11.0	12.0	13.0	14.0	15.0	16.0	17.0	18.0	19.0	20.0	21.0	22.0	23.0	24.0	25.0	26.0	27.0	28.0	29.0	30.0	31.0	32.0	33.0	34.0	35.0	36.0	37.0	38.0	39.0	40.0
fastqc | MantonBM5_HiSeq_5_S5_L002_R2_001	20.0	1437.0	12063.0	20230.0	24186.0	37084.0	59196.0	80148.0	97477.0	111881.0	127485.0	146593.0	170038.0	197713.0	228100.0	264901.0	309430.0	359613.0	419744.0	494466.0	588721.0	709408.0	873940.0	1108418.0	1462921.0	2048789.0	3134533.0	5577439.0	13887941.0	31418903.0
	11.0	12.0	13.0	14.0	15.0	16.0	17.0	18.0	19.0	20.0	21.0	22.0	23.0	24.0	25.0	26.0	27.0	28.0	29.0	30.0	31.0	32.0	33.0	34.0	35.0	36.0	37.0	38.0	39.0	40.0
fastqc | MantonBM5_HiSeq_6_S6_L001_R2_001	26.0	1623.0	13256.0	22113.0	24638.0	34820.0	52202.0	69381.0	83855.0	97738.0	113200.0	132936.0	156373.0	184825.0	217578.0	254241.0	300856.0	353829.0	415130.0	492615.0	592141.0	717312.0	888037.0	1135135.0	1507285.0	2101832.0	3157019.0	5494425.0	13167743.0	29090667.0
	11.0	12.0	13.0	14.0	15.0	16.0	17.0	18.0	19.0	20.0	21.0	22.0	23.0	24.0	25.0	26.0	27.0	28.0	29.0	30.0	31.0	32.0	33.0	34.0	35.0	36.0	37.0	38.0	39.0	40.0
fastqc | MantonBM5_HiSeq_6_S6_L002_R2_001	19.0	1558.0	13131.0	22196.0	24882.0	34567.0	52310.0	71271.0	85978.0	98993.0	114478.0	132441.0	154843.0	180595.0	211040.0	246247.0	288137.0	337548.0	395880.0	467518.0	557255.0	672312.0	825131.0	1044315.0	1377986.0	1922158.0	2936323.0	5221913.0	13125761.0	31449024.0
	11.0	12.0	13.0	14.0	15.0	16.0	17.0	18.0	19.0	20.0	21.0	22.0	23.0	24.0	25.0	26.0	27.0	28.0	29.0	30.0	31.0	32.0	33.0	34.0	35.0	36.0	37.0	38.0	39.0	40.0
fastqc | MantonBM5_HiSeq_7_S7_L001_R2_001	27.0	1599.0	13384.0	23524.0	24317.0	27926.0	37328.0	46833.0	55112.0	63737.0	74603.0	88091.0	106055.0	127363.0	153464.0	182597.0	218042.0	260477.0	306936.0	367535.0	443519.0	536842.0	660458.0	834842.0	1101515.0	1525216.0	2280458.0	3955992.0	9660532.0	23927131.0
	11.0	12.0	13.0	14.0	15.0	16.0	17.0	18.0	19.0	20.0	21.0	22.0	23.0	24.0	25.0	26.0	27.0	28.0	29.0	30.0	31.0	32.0	33.0	34.0	35.0	36.0	37.0	38.0	39.0	40.0
fastqc | MantonBM5_HiSeq_7_S7_L002_R2_001	27.0	1504.0	13204.0	23234.0	24140.0	28129.0	37514.0	47776.0	55832.0	63583.0	73434.0	87645.0	104233.0	123622.0	147629.0	174372.0	209033.0	246778.0	292502.0	347789.0	418074.0	504640.0	615092.0	773596.0	1008599.0	1394447.0	2106204.0	3721173.0	9479636.0	25647176.0
	11.0	12.0	13.0	14.0	15.0	16.0	17.0	18.0	19.0	20.0	21.0	22.0	23.0	24.0	25.0	26.0	27.0	28.0	29.0	30.0	31.0	32.0	33.0	34.0	35.0	36.0	37.0	38.0	39.0	40.0
fastqc | MantonBM5_HiSeq_8_S8_L001_R2_001	35.0	2087.0	16807.0	27951.0	29228.0	36193.0	49699.0	63753.0	75492.0	86892.0	100416.0	117974.0	142173.0	169670.0	200965.0	237711.0	282374.0	333641.0	390657.0	463369.0	554383.0	670192.0	823889.0	1045199.0	1374376.0	1906257.0	2849394.0	4934113.0	11823301.0	26881074.0
	11.0	12.0	13.0	14.0	15.0	16.0	17.0	18.0	19.0	20.0	21.0	22.0	23.0	24.0	25.0	26.0	27.0	28.0	29.0	30.0	31.0	32.0	33.0	34.0	35.0	36.0	37.0	38.0	39.0	40.0
fastqc | MantonBM5_HiSeq_8_S8_L002_R2_001	31.0	1940.0	16916.0	28103.0	29272.0	36477.0	50878.0	65088.0	77061.0	87474.0	100828.0	118409.0	139401.0	164164.0	194358.0	228434.0	270864.0	317897.0	372764.0	438634.0	525558.0	631027.0	768447.0	965082.0	1261296.0	1749729.0	2646799.0	4676758.0	11728451.0	28986188.0
	11.0	12.0	13.0	14.0	15.0	16.0	17.0	18.0	19.0	20.0	21.0	22.0	23.0	24.0	25.0	26.0	27.0	28.0	29.0	30.0	31.0	32.0	33.0	34.0	35.0	36.0	37.0	38.0	39.0	40.0
fastqc | MantonBM6_HiSeq_1_S9_L003_R2_001	24.0	1960.0	15216.0	25822.0	27556.0	35415.0	52595.0	70095.0	83415.0	95323.0	110427.0	127006.0	149260.0	176571.0	207031.0	242933.0	284711.0	337832.0	397284.0	472798.0	566316.0	690578.0	859538.0	1105394.0	1481265.0	2100642.0	3252746.0	5736551.0	13622326.0	34331482.0
	11.0	12.0	13.0	14.0	15.0	16.0	17.0	18.0	19.0	20.0	21.0	22.0	23.0	24.0	25.0	26.0	27.0	28.0	29.0	30.0	31.0	32.0	33.0	34.0	35.0	36.0	37.0	38.0	39.0	40.0
fastqc | MantonBM6_HiSeq_1_S9_L004_R2_001	25.0	2169.0	16262.0	26271.0	27938.0	36693.0	54029.0	71364.0	84799.0	96548.0	111200.0	128801.0	151981.0	177861.0	208787.0	244636.0	286980.0	336630.0	397614.0	470416.0	561612.0	678860.0	836830.0	1063333.0	1415039.0	2008739.0	3118039.0	5539704.0	13492389.0	35370507.0
	11.0	12.0	13.0	14.0	15.0	16.0	17.0	18.0	19.0	20.0	21.0	22.0	23.0	24.0	25.0	26.0	27.0	28.0	29.0	30.0	31.0	32.0	33.0	34.0	35.0	36.0	37.0	38.0	39.0	40.0
fastqc | MantonBM6_HiSeq_2_S10_L003_R2_001	35.0	1687.0	14842.0	24279.0	24566.0	30883.0	44937.0	60769.0	73111.0	85194.0	99130.0	116838.0	139652.0	165513.0	196214.0	233078.0	274800.0	326598.0	388685.0	466008.0	562081.0	690335.0	863779.0	1116620.0	1500851.0	2143460.0	3332194.0	5901073.0	14144971.0	37421913.0
	11.0	12.0	13.0	14.0	15.0	16.0	17.0	18.0	19.0	20.0	21.0	22.0	23.0	24.0	25.0	26.0	27.0	28.0	29.0	30.0	31.0	32.0	33.0	34.0	35.0	36.0	37.0	38.0	39.0	40.0
fastqc | MantonBM6_HiSeq_2_S10_L004_R2_001	21.0	1984.0	15291.0	24991.0	25050.0	31167.0	46296.0	61413.0	75187.0	86855.0	100245.0	118446.0	141568.0	167717.0	198610.0	233854.0	278235.0	329050.0	389533.0	462524.0	557678.0	679186.0	840419.0	1071243.0	1435483.0	2043040.0	3182536.0	5670111.0	13970321.0	38580160.0
	11.0	12.0	13.0	14.0	15.0	16.0	17.0	18.0	19.0	20.0	21.0	22.0	23.0	24.0	25.0	26.0	27.0	28.0	29.0	30.0	31.0	32.0	33.0	34.0	35.0	36.0	37.0	38.0	39.0	40.0
fastqc | MantonBM6_HiSeq_4_S11_L003_R2_001	30.0	1875.0	15558.0	25433.0	26561.0	32231.0	45567.0	59653.0	70797.0	80488.0	93693.0	110160.0	130149.0	154656.0	183280.0	216346.0	257334.0	306355.0	364494.0	433976.0	524515.0	642291.0	802981.0	1035569.0	1393549.0	1989937.0	3105316.0	5511036.0	13331173.0	36805522.0
	11.0	12.0	13.0	14.0	15.0	16.0	17.0	18.0	19.0	20.0	21.0	22.0	23.0	24.0	25.0	26.0	27.0	28.0	29.0	30.0	31.0	32.0	33.0	34.0	35.0	36.0	37.0	38.0	39.0	40.0
fastqc | MantonBM6_HiSeq_4_S11_L004_R2_001	34.0	2123.0	16141.0	26002.0	26968.0	33187.0	46932.0	61086.0	71877.0	82280.0	93967.0	111164.0	131682.0	156365.0	185760.0	219082.0	259912.0	306759.0	362611.0	431799.0	519105.0	631622.0	779577.0	994688.0	1327375.0	1891721.0	2952470.0	5274544.0	13096791.0	37951843.0
	11.0	12.0	13.0	14.0	15.0	16.0	17.0	18.0	19.0	20.0	21.0	22.0	23.0	24.0	25.0	26.0	27.0	28.0	29.0	30.0	31.0	32.0	33.0	34.0	35.0	36.0	37.0	38.0	39.0	40.0
fastqc | MantonBM6_HiSeq_5_S12_L003_R2_001	42.0	1857.0	12927.0	19979.0	21453.0	29837.0	45792.0	62452.0	75592.0	86988.0	100126.0	117351.0	137848.0	163513.0	192377.0	227315.0	269166.0	319660.0	379090.0	454860.0	548719.0	675464.0	845965.0	1094131.0	1472167.0	2098611.0	3255904.0	5740950.0	13621842.0	35159013.0
	11.0	12.0	13.0	14.0	15.0	16.0	17.0	18.0	19.0	20.0	21.0	22.0	23.0	24.0	25.0	26.0	27.0	28.0	29.0	30.0	31.0	32.0	33.0	34.0	35.0	36.0	37.0	38.0	39.0	40.0
fastqc | MantonBM6_HiSeq_5_S12_L004_R2_001	23.0	1965.0	13853.0	20378.0	22068.0	31053.0	47812.0	63379.0	76621.0	87623.0	101246.0	118591.0	140139.0	164950.0	193942.0	229333.0	270387.0	321045.0	379793.0	451714.0	544919.0	663585.0	822559.0	1050488.0	1408680.0	2007992.0	3115492.0	5539909.0	13488606.0	36237350.0
	11.0	12.0	13.0	14.0	15.0	16.0	17.0	18.0	19.0	20.0	21.0	22.0	23.0	24.0	25.0	26.0	27.0	28.0	29.0	30.0	31.0	32.0	33.0	34.0	35.0	36.0	37.0	38.0	39.0	40.0
fastqc | MantonBM6_HiSeq_6_S13_L003_R2_001	28.0	1656.0	13734.0	22670.0	24984.0	33753.0	51260.0	69939.0	83353.0	96045.0	110378.0	129200.0	151947.0	179387.0	211125.0	248720.0	294501.0	347988.0	413682.0	493335.0	598761.0	731640.0	916723.0	1185891.0	1598203.0	2277920.0	3548349.0	6275799.0	14998678.0	39182898.0
	11.0	12.0	13.0	14.0	15.0	16.0	17.0	18.0	19.0	20.0	21.0	22.0	23.0	24.0	25.0	26.0	27.0	28.0	29.0	30.0	31.0	32.0	33.0	34.0	35.0	36.0	37.0	38.0	39.0	40.0
fastqc | MantonBM6_HiSeq_6_S13_L004_R2_001	30.0	1867.0	14646.0	23718.0	25550.0	34947.0	52982.0	71027.0	84673.0	97264.0	112392.0	130500.0	154099.0	181055.0	212433.0	249469.0	295567.0	349649.0	411970.0	491270.0	589837.0	718032.0	890176.0	1139480.0	1523098.0	2176275.0	3387617.0	6043358.0	14813431.0	40377751.0
	11.0	12.0	13.0	14.0	15.0	16.0	17.0	18.0	19.0	20.0	21.0	22.0	23.0	24.0	25.0	26.0	27.0	28.0	29.0	30.0	31.0	32.0	33.0	34.0	35.0	36.0	37.0	38.0	39.0	40.0
fastqc | MantonBM6_HiSeq_7_S14_L003_R2_001	26.0	1709.0	13228.0	21932.0	22885.0	29432.0	44323.0	58928.0	70898.0	80997.0	93949.0	109962.0	130437.0	154551.0	182657.0	215849.0	257439.0	304753.0	361323.0	433686.0	524172.0	644169.0	805002.0	1043956.0	1403643.0	2000261.0	3119779.0	5522075.0	13260001.0	35774873.0
	11.0	12.0	13.0	14.0	15.0	16.0	17.0	18.0	19.0	20.0	21.0	22.0	23.0	24.0	25.0	26.0	27.0	28.0	29.0	30.0	31.0	32.0	33.0	34.0	35.0	36.0	37.0	38.0	39.0	40.0
fastqc | MantonBM6_HiSeq_7_S14_L004_R2_001	28.0	1813.0	14007.0	22443.0	22921.0	30576.0	45561.0	60083.0	72289.0	82478.0	95058.0	111783.0	131901.0	156817.0	184090.0	217957.0	258146.0	305093.0	361994.0	431988.0	520768.0	632220.0	783667.0	1000427.0	1338880.0	1910184.0	2974676.0	5303796.0	13064069.0	36886025.0
	11.0	12.0	13.0	14.0	15.0	16.0	17.0	18.0	19.0	20.0	21.0	22.0	23.0	24.0	25.0	26.0	27.0	28.0	29.0	30.0	31.0	32.0	33.0	34.0	35.0	36.0	37.0	38.0	39.0	40.0
fastqc | MantonBM6_HiSeq_8_S15_L003_R2_001	29.0	1954.0	15903.0	26002.0	25550.0	31609.0	46254.0	61008.0	74460.0	86251.0	99922.0	118152.0	140758.0	167132.0	197908.0	233853.0	275974.0	327547.0	389417.0	465654.0	562885.0	689225.0	861577.0	1109601.0	1495370.0	2135556.0	3322155.0	5885962.0	14132328.0	37353679.0
	11.0	12.0	13.0	14.0	15.0	16.0	17.0	18.0	19.0	20.0	21.0	22.0	23.0	24.0	25.0	26.0	27.0	28.0	29.0	30.0	31.0	32.0	33.0	34.0	35.0	36.0	37.0	38.0	39.0	40.0
fastqc | MantonBM6_HiSeq_8_S15_L004_R2_001	25.0	2163.0	17192.0	26326.0	25945.0	32620.0	47615.0	63553.0	76084.0	87854.0	101895.0	119884.0	141457.0	168486.0	200111.0	234689.0	277794.0	328593.0	389375.0	464374.0	557050.0	677646.0	838119.0	1068761.0	1430058.0	2035020.0	3172118.0	5665918.0	13952877.0	38515865.0
	10.0	11.0	12.0	13.0	14.0	15.0	16.0	17.0	18.0	19.0	20.0	21.0	22.0	23.0	24.0	25.0	26.0	27.0	28.0	29.0	30.0	31.0	32.0	33.0	34.0	35.0	36.0	37.0	38.0	39.0	40.0
fastqc | MantonBM7_HiSeq_1_S16_L005_R2_001	2.0	119.0	2820.0	17770.0	34047.0	34435.0	33147.0	37408.0	42229.0	45959.0	48558.0	54119.0	62599.0	73939.0	89970.0	109164.0	129863.0	157529.0	190609.0	234390.0	289193.0	356921.0	444379.0	560020.0	726619.0	991452.0	1437012.0	2258679.0	4090487.0	9289052.0	16787956.0
	11.0	12.0	13.0	14.0	15.0	16.0	17.0	18.0	19.0	20.0	21.0	22.0	23.0	24.0	25.0	26.0	27.0	28.0	29.0	30.0	31.0	32.0	33.0	34.0	35.0	36.0	37.0	38.0	39.0	40.0
fastqc | MantonBM7_HiSeq_1_S16_L006_R2_001	73.0	3148.0	21280.0	40420.0	40861.0	40212.0	46427.0	54012.0	58978.0	62267.0	68569.0	78712.0	93076.0	110776.0	133249.0	158297.0	190170.0	228972.0	273899.0	335494.0	410080.0	503689.0	627974.0	804534.0	1077812.0	1536781.0	2362479.0	4105101.0	9724219.0	22697174.0
	10.0	11.0	12.0	13.0	14.0	15.0	16.0	17.0	18.0	19.0	20.0	21.0	22.0	23.0	24.0	25.0	26.0	27.0	28.0	29.0	30.0	31.0	32.0	33.0	34.0	35.0	36.0	37.0	38.0	39.0	40.0
fastqc | MantonBM7_HiSeq_2_S17_L005_R2_001	2.0	151.0	3144.0	20346.0	38732.0	39304.0	38495.0	43677.0	48741.0	52709.0	56591.0	62097.0	71232.0	83740.0	101378.0	122865.0	146881.0	178515.0	216052.0	263591.0	324160.0	400068.0	497380.0	624557.0	811454.0	1102842.0	1592588.0	2502119.0	4530700.0	10311550.0	18835764.0
	11.0	12.0	13.0	14.0	15.0	16.0	17.0	18.0	19.0	20.0	21.0	22.0	23.0	24.0	25.0	26.0	27.0	28.0	29.0	30.0	31.0	32.0	33.0	34.0	35.0	36.0	37.0	38.0	39.0	40.0
fastqc | MantonBM7_HiSeq_2_S17_L006_R2_001	106.0	3659.0	24048.0	44831.0	46786.0	46645.0	54100.0	62708.0	67897.0	71769.0	78720.0	89675.0	105536.0	125589.0	151353.0	179993.0	215529.0	257992.0	311978.0	378860.0	462191.0	567368.0	701714.0	899718.0	1204892.0	1715760.0	2634584.0	4556844.0	10814995.0	25485975.0
	10.0	11.0	12.0	13.0	14.0	15.0	16.0	17.0	18.0	19.0	20.0	21.0	22.0	23.0	24.0	25.0	26.0	27.0	28.0	29.0	30.0	31.0	32.0	33.0	34.0	35.0	36.0	37.0	38.0	39.0	40.0
fastqc | MantonBM7_HiSeq_3_S18_L005_R2_001	1.0	156.0	3030.0	18889.0	35952.0	36720.0	35505.0	41083.0	47147.0	50534.0	53666.0	59369.0	68106.0	80961.0	97642.0	117620.0	141955.0	171508.0	208537.0	255034.0	313956.0	388744.0	485748.0	614949.0	802192.0	1096600.0	1594577.0	2509440.0	4559749.0	10430940.0	19385227.0
	10.0	11.0	12.0	13.0	14.0	15.0	16.0	17.0	18.0	19.0	20.0	21.0	22.0	23.0	24.0	25.0	26.0	27.0	28.0	29.0	30.0	31.0	32.0	33.0	34.0	35.0	36.0	37.0	38.0	39.0	40.0
fastqc | MantonBM7_HiSeq_3_S18_L006_R2_001	1.0	83.0	3497.0	22549.0	42576.0	43441.0	43413.0	51295.0	59247.0	64653.0	69285.0	75212.0	85518.0	100717.0	120857.0	144449.0	172979.0	207308.0	248886.0	300340.0	365069.0	447384.0	551451.0	688458.0	884254.0	1191334.0	1704121.0	2623415.0	4560443.0	10861604.0	26043718.0
	10.0	11.0	12.0	13.0	14.0	15.0	16.0	17.0	18.0	19.0	20.0	21.0	22.0	23.0	24.0	25.0	26.0	27.0	28.0	29.0	30.0	31.0	32.0	33.0	34.0	35.0	36.0	37.0	38.0	39.0	40.0
fastqc | MantonBM7_HiSeq_4_S19_L005_R2_001	1.0	161.0	3682.0	22839.0	44218.0	45432.0	44715.0	50422.0	57657.0	61917.0	65027.0	70308.0	79849.0	94207.0	113775.0	136666.0	165118.0	200608.0	244042.0	297366.0	367581.0	455532.0	566386.0	713765.0	929244.0	1269539.0	1842468.0	2906911.0	5314733.0	12348432.0	24108823.0
	11.0	12.0	13.0	14.0	15.0	16.0	17.0	18.0	19.0	20.0	21.0	22.0	23.0	24.0	25.0	26.0	27.0	28.0	29.0	30.0	31.0	32.0	33.0	34.0	35.0	36.0	37.0	38.0	39.0	40.0
fastqc | MantonBM7_HiSeq_4_S19_L006_R2_001	102.0	4023.0	26741.0	51619.0	54407.0	53890.0	62393.0	72342.0	78052.0	81330.0	88156.0	99603.0	116785.0	140031.0	167241.0	199422.0	241220.0	289999.0	350180.0	426747.0	521738.0	641253.0	799087.0	1023300.0	1376040.0	1968056.0	3028239.0	5271152.0	12706315.0	32183320.0
	10.0	11.0	12.0	13.0	14.0	15.0	16.0	17.0	18.0	19.0	20.0	21.0	22.0	23.0	24.0	25.0	26.0	27.0	28.0	29.0	30.0	31.0	32.0	33.0	34.0	35.0	36.0	37.0	38.0	39.0	40.0
fastqc | MantonBM7_HiSeq_5_S20_L005_R2_001	2.0	137.0	3129.0	18978.0	36657.0	37771.0	36379.0	39740.0	43881.0	47105.0	50713.0	55901.0	65222.0	78613.0	94555.0	114221.0	138808.0	168621.0	204376.0	250582.0	307404.0	379131.0	471704.0	592704.0	765275.0	1041947.0	1501860.0	2349578.0	4232840.0	9571312.0	17269235.0
	10.0	11.0	12.0	13.0	14.0	15.0	16.0	17.0	18.0	19.0	20.0	21.0	22.0	23.0	24.0	25.0	26.0	27.0	28.0	29.0	30.0	31.0	32.0	33.0	34.0	35.0	36.0	37.0	38.0	39.0	40.0
fastqc | MantonBM7_HiSeq_5_S20_L006_R2_001	1.0	107.0	3440.0	22511.0	43255.0	45343.0	43905.0	49023.0	55583.0	60539.0	63948.0	71035.0	81854.0	96824.0	117084.0	140331.0	168670.0	202980.0	243900.0	294207.0	357377.0	436575.0	533749.0	662856.0	846557.0	1134045.0	1608659.0	2458031.0	4251274.0	10035299.0	23385281.0
	11.0	12.0	13.0	14.0	15.0	16.0	17.0	18.0	19.0	20.0	21.0	22.0	23.0	24.0	25.0	26.0	27.0	28.0	29.0	30.0	31.0	32.0	33.0	34.0	35.0	36.0	37.0	38.0	39.0	40.0
fastqc | MantonBM7_HiSeq_6_S21_L005_R2_001	100.0	2767.0	17426.0	32358.0	33114.0	34419.0	40383.0	46428.0	50229.0	53510.0	58940.0	67663.0	79028.0	95774.0	114340.0	137525.0	166039.0	201326.0	246365.0	301427.0	374691.0	467006.0	588961.0	769070.0	1049261.0	1515981.0	2372696.0	4235558.0	9376335.0	15939563.0
	11.0	12.0	13.0	14.0	15.0	16.0	17.0	18.0	19.0	20.0	21.0	22.0	23.0	24.0	25.0	26.0	27.0	28.0	29.0	30.0	31.0	32.0	33.0	34.0	35.0	36.0	37.0	38.0	39.0	40.0
fastqc | MantonBM7_HiSeq_6_S21_L006_R2_001	93.0	3279.0	20903.0	38122.0	39655.0	41783.0	51422.0	60257.0	66260.0	69260.0	76493.0	86572.0	100612.0	119759.0	142684.0	169627.0	202099.0	241730.0	290205.0	352588.0	432364.0	532552.0	662741.0	853223.0	1147895.0	1634890.0	2504747.0	4318258.0	10014989.0	21788845.0
	10.0	11.0	12.0	13.0	14.0	15.0	16.0	17.0	18.0	19.0	20.0	21.0	22.0	23.0	24.0	25.0	26.0	27.0	28.0	29.0	30.0	31.0	32.0	33.0	34.0	35.0	36.0	37.0	38.0	39.0	40.0
fastqc | MantonBM7_HiSeq_7_S22_L005_R2_001	1.0	119.0	2886.0	18029.0	34093.0	34355.0	33221.0	37302.0	42202.0	45645.0	48890.0	53905.0	62013.0	73906.0	89206.0	107591.0	129600.0	157043.0	189360.0	231377.0	284154.0	351133.0	435965.0	547930.0	710656.0	964775.0	1389752.0	2179391.0	3904192.0	8722811.0	15122551.0
	11.0	12.0	13.0	14.0	15.0	16.0	17.0	18.0	19.0	20.0	21.0	22.0	23.0	24.0	25.0	26.0	27.0	28.0	29.0	30.0	31.0	32.0	33.0	34.0	35.0	36.0	37.0	38.0	39.0	40.0
fastqc | MantonBM7_HiSeq_7_S22_L006_R2_001	99.0	3289.0	22029.0	40593.0	41398.0	40930.0	47323.0	54559.0	59646.0	63058.0	70020.0	80091.0	93720.0	111659.0	133138.0	158981.0	190143.0	227355.0	275074.0	333200.0	405977.0	498569.0	617814.0	789118.0	1053986.0	1500150.0	2291285.0	3952100.0	9239002.0	20589713.0
	10.0	11.0	12.0	13.0	14.0	15.0	16.0	17.0	18.0	19.0	20.0	21.0	22.0	23.0	24.0	25.0	26.0	27.0	28.0	29.0	30.0	31.0	32.0	33.0	34.0	35.0	36.0	37.0	38.0	39.0	40.0
fastqc | MantonBM7_HiSeq_8_S23_L005_R2_001	1.0	131.0	3050.0	19232.0	36943.0	37958.0	37929.0	43187.0	48866.0	52223.0	55004.0	59686.0	67506.0	79802.0	96097.0	115499.0	138669.0	167841.0	204297.0	248825.0	306912.0	379439.0	471628.0	595345.0	773462.0	1056602.0	1532464.0	2414968.0	4382706.0	9982611.0	17997148.0
	11.0	12.0	13.0	14.0	15.0	16.0	17.0	18.0	19.0	20.0	21.0	22.0	23.0	24.0	25.0	26.0	27.0	28.0	29.0	30.0	31.0	32.0	33.0	34.0	35.0	36.0	37.0	38.0	39.0	40.0
fastqc | MantonBM7_HiSeq_8_S23_L006_R2_001	82.0	3419.0	22940.0	43698.0	45471.0	45932.0	53239.0	62198.0	66681.0	70181.0	75306.0	85222.0	99461.0	117525.0	141844.0	168928.0	201919.0	243759.0	292532.0	355791.0	436809.0	534842.0	666247.0	853130.0	1148070.0	1640412.0	2522800.0	4387599.0	10456201.0	24312790.0
	10.0	11.0	12.0	13.0	14.0	15.0	16.0	17.0	18.0	19.0	20.0	21.0	22.0	23.0	24.0	25.0	26.0	27.0	28.0	29.0	30.0	31.0	32.0	33.0	34.0	35.0	36.0	37.0	38.0	39.0	40.0
fastqc | MantonBM8_HiSeq_1_S24_L007_R2_001	2.0	96.0	3962.0	24676.0	43731.0	46208.0	49005.0	60484.0	71859.0	78760.0	83613.0	92026.0	105928.0	123443.0	147825.0	176686.0	210921.0	255102.0	305758.0	370117.0	448387.0	547517.0	678477.0	853239.0	1105190.0	1495607.0	2138358.0	3309201.0	5860046.0	13515113.0	22410484.0
	10.0	11.0	12.0	13.0	14.0	15.0	16.0	17.0	18.0	19.0	20.0	21.0	22.0	23.0	24.0	25.0	26.0	27.0	28.0	29.0	30.0	31.0	32.0	33.0	34.0	35.0	36.0	37.0	38.0	39.0	40.0
fastqc | MantonBM8_HiSeq_1_S24_L008_R2_001	1.0	119.0	3624.0	23456.0	43323.0	45191.0	46656.0	56154.0	65662.0	70917.0	75709.0	83841.0	97087.0	114488.0	137646.0	166101.0	199622.0	243086.0	293644.0	356812.0	439322.0	543236.0	678623.0	862559.0	1127161.0	1536034.0	2199462.0	3397716.0	5937389.0	13033397.0	19638838.0
	10.0	11.0	12.0	13.0	14.0	15.0	16.0	17.0	18.0	19.0	20.0	21.0	22.0	23.0	24.0	25.0	26.0	27.0	28.0	29.0	30.0	31.0	32.0	33.0	34.0	35.0	36.0	37.0	38.0	39.0	40.0
fastqc | MantonBM8_HiSeq_2_S25_L007_R2_001	1.0	98.0	3637.0	23163.0	41833.0	43991.0	46853.0	57602.0	68164.0	75470.0	80662.0	89028.0	102998.0	121374.0	143874.0	173125.0	205935.0	247604.0	297127.0	357261.0	430995.0	527279.0	649705.0	813013.0	1049108.0	1411435.0	2013574.0	3104915.0	5453620.0	12319323.0	19463451.0
	11.0	12.0	13.0	14.0	15.0	16.0	17.0	18.0	19.0	20.0	21.0	22.0	23.0	24.0	25.0	26.0	27.0	28.0	29.0	30.0	31.0	32.0	33.0	34.0	35.0	36.0	37.0	38.0	39.0	40.0
fastqc | MantonBM8_HiSeq_2_S25_L008_R2_001	122.0	3604.0	22268.0	41233.0	42609.0	44201.0	53370.0	62249.0	67349.0	72639.0	80799.0	93638.0	111137.0	134575.0	162009.0	195045.0	235084.0	284996.0	346033.0	421781.0	520168.0	648745.0	819631.0	1069661.0	1447682.0	2067278.0	3174416.0	5500217.0	11825687.0	16987649.0
	11.0	12.0	13.0	14.0	15.0	16.0	17.0	18.0	19.0	20.0	21.0	22.0	23.0	24.0	25.0	26.0	27.0	28.0	29.0	30.0	31.0	32.0	33.0	34.0	35.0	36.0	37.0	38.0	39.0	40.0
fastqc | MantonBM8_HiSeq_3_S26_L007_R2_001	103.0	3599.0	22634.0	40309.0	42873.0	46435.0	56585.0	66742.0	72768.0	76842.0	83375.0	96176.0	112764.0	134369.0	160969.0	191861.0	230612.0	276082.0	332436.0	402091.0	491562.0	606892.0	761572.0	980008.0	1328965.0	1896408.0	2939369.0	5219775.0	12107341.0	20272332.0
	10.0	11.0	12.0	13.0	14.0	15.0	16.0	17.0	18.0	19.0	20.0	21.0	22.0	23.0	24.0	25.0	26.0	27.0	28.0	29.0	30.0	31.0	32.0	33.0	34.0	35.0	36.0	37.0	38.0	39.0	40.0
fastqc | MantonBM8_HiSeq_3_S26_L008_R2_001	1.0	122.0	3474.0	21903.0	40355.0	41421.0	43734.0	52108.0	61035.0	65400.0	69563.0	76131.0	87620.0	104026.0	124239.0	149691.0	180693.0	217694.0	265104.0	320628.0	392740.0	485613.0	605398.0	768248.0	1002028.0	1362854.0	1952425.0	3015666.0	5285087.0	11667095.0	17769599.0
	11.0	12.0	13.0	14.0	15.0	16.0	17.0	18.0	19.0	20.0	21.0	22.0	23.0	24.0	25.0	26.0	27.0	28.0	29.0	30.0	31.0	32.0	33.0	34.0	35.0	36.0	37.0	38.0	39.0	40.0
fastqc | MantonBM8_HiSeq_4_S27_L007_R2_001	112.0	4043.0	24479.0	43734.0	46245.0	49815.0	61363.0	72179.0	78391.0	82325.0	89436.0	101521.0	118667.0	141488.0	169017.0	202547.0	243762.0	294200.0	354579.0	429715.0	526185.0	649617.0	814117.0	1050518.0	1417398.0	2024646.0	3136919.0	5581048.0	13096216.0	22825397.0
	10.0	11.0	12.0	13.0	14.0	15.0	16.0	17.0	18.0	19.0	20.0	21.0	22.0	23.0	24.0	25.0	26.0	27.0	28.0	29.0	30.0	31.0	32.0	33.0	34.0	35.0	36.0	37.0	38.0	39.0	40.0
fastqc | MantonBM8_HiSeq_4_S27_L008_R2_001	1.0	113.0	3799.0	24106.0	43308.0	45498.0	47035.0	57199.0	66382.0	71203.0	74418.0	81398.0	92625.0	109041.0	131692.0	159498.0	191886.0	233012.0	283101.0	343280.0	421145.0	518392.0	648680.0	821470.0	1073902.0	1456017.0	2090212.0	3227909.0	5679729.0	12690528.0	20079223.0
	11.0	12.0	13.0	14.0	15.0	16.0	17.0	18.0	19.0	20.0	21.0	22.0	23.0	24.0	25.0	26.0	27.0	28.0	29.0	30.0	31.0	32.0	33.0	34.0	35.0	36.0	37.0	38.0	39.0	40.0
fastqc | MantonBM8_HiSeq_5_S28_L007_R2_001	104.0	3878.0	23991.0	43204.0	44967.0	48484.0	59011.0	70135.0	76075.0	80844.0	88064.0	100159.0	117283.0	140189.0	167565.0	199954.0	240841.0	288078.0	346553.0	420683.0	512242.0	631525.0	790573.0	1018581.0	1370166.0	1955643.0	3021120.0	5349509.0	12353699.0	20815174.0
	10.0	11.0	12.0	13.0	14.0	15.0	16.0	17.0	18.0	19.0	20.0	21.0	22.0	23.0	24.0	25.0	26.0	27.0	28.0	29.0	30.0	31.0	32.0	33.0	34.0	35.0	36.0	37.0	38.0	39.0	40.0
fastqc | MantonBM8_HiSeq_5_S28_L008_R2_001	3.0	134.0	3652.0	23166.0	41881.0	43685.0	45472.0	54865.0	63979.0	69102.0	73216.0	79972.0	91841.0	108489.0	130443.0	157803.0	189616.0	227954.0	276672.0	336018.0	412323.0	507396.0	631533.0	797484.0	1037000.0	1404748.0	2008778.0	3104614.0	5416273.0	11924994.0	18248716.0
	10.0	11.0	12.0	13.0	14.0	15.0	16.0	17.0	18.0	19.0	20.0	21.0	22.0	23.0	24.0	25.0	26.0	27.0	28.0	29.0	30.0	31.0	32.0	33.0	34.0	35.0	36.0	37.0	38.0	39.0	40.0
fastqc | MantonBM8_HiSeq_6_S29_L007_R2_001	1.0	107.0	3876.0	23854.0	42998.0	46345.0	50309.0	62116.0	73527.0	79799.0	83405.0	90573.0	102509.0	121055.0	143550.0	172039.0	205708.0	246368.0	296266.0	355428.0	432129.0	526962.0	648951.0	812068.0	1050303.0	1413319.0	2010682.0	3098416.0	5464579.0	12635051.0	21439996.0
	10.0	11.0	12.0	13.0	14.0	15.0	16.0	17.0	18.0	19.0	20.0	21.0	22.0	23.0	24.0	25.0	26.0	27.0	28.0	29.0	30.0	31.0	32.0	33.0	34.0	35.0	36.0	37.0	38.0	39.0	40.0
fastqc | MantonBM8_HiSeq_6_S29_L008_R2_001	2.0	116.0	3747.0	23491.0	42745.0	44794.0	47568.0	57401.0	66881.0	71983.0	76101.0	82158.0	94378.0	111525.0	133893.0	160584.0	194119.0	235055.0	283995.0	344879.0	422327.0	519824.0	648241.0	820792.0	1066859.0	1446175.0	2064628.0	3175274.0	5535549.0	12188110.0	18797106.0
	11.0	12.0	13.0	14.0	15.0	16.0	17.0	18.0	19.0	20.0	21.0	22.0	23.0	24.0	25.0	26.0	27.0	28.0	29.0	30.0	31.0	32.0	33.0	34.0	35.0	36.0	37.0	38.0	39.0	40.0
fastqc | MantonBM8_HiSeq_7_S30_L007_R2_001	118.0	3804.0	24420.0	43742.0	46190.0	51183.0	63995.0	75753.0	81216.0	84569.0	90351.0	101134.0	117187.0	139246.0	165884.0	198232.0	235593.0	283770.0	341507.0	414744.0	506625.0	624154.0	781055.0	1006004.0	1353952.0	1928992.0	2978326.0	5254660.0	12143259.0	20664143.0
	11.0	12.0	13.0	14.0	15.0	16.0	17.0	18.0	19.0	20.0	21.0	22.0	23.0	24.0	25.0	26.0	27.0	28.0	29.0	30.0	31.0	32.0	33.0	34.0	35.0	36.0	37.0	38.0	39.0	40.0
fastqc | MantonBM8_HiSeq_7_S30_L008_R2_001	121.0	3755.0	23632.0	43164.0	45022.0	48365.0	59674.0	69514.0	73447.0	76203.0	81457.0	93079.0	109058.0	129661.0	155363.0	185752.0	225424.0	272884.0	330581.0	407030.0	501042.0	622528.0	788870.0	1026690.0	1390948.0	1987094.0	3053745.0	5323565.0	11733097.0	18135992.0
	11.0	12.0	13.0	14.0	15.0	16.0	17.0	18.0	19.0	20.0	21.0	22.0	23.0	24.0	25.0	26.0	27.0	28.0	29.0	30.0	31.0	32.0	33.0	34.0	35.0	36.0	37.0	38.0	39.0	40.0
fastqc | MantonBM8_HiSeq_8_S31_L007_R2_001	116.0	4022.0	24923.0	45229.0	47359.0	48787.0	58549.0	67403.0	71775.0	75196.0	80342.0	91715.0	107731.0	128025.0	153912.0	184458.0	220209.0	266021.0	318738.0	386547.0	470179.0	575944.0	717934.0	918679.0	1231828.0	1748088.0	2689151.0	4757072.0	11013876.0	18697728.0
	10.0	11.0	12.0	13.0	14.0	15.0	16.0	17.0	18.0	19.0	20.0	21.0	22.0	23.0	24.0	25.0	26.0	27.0	28.0	29.0	30.0	31.0	32.0	33.0	34.0	35.0	36.0	37.0	38.0	39.0	40.0
fastqc | MantonBM8_HiSeq_8_S31_L008_R2_001	2.0	116.0	3733.0	24399.0	44832.0	46208.0	46715.0	54367.0	61316.0	64847.0	67879.0	73818.0	84325.0	99571.0	120607.0	144803.0	174219.0	209633.0	254001.0	309838.0	377749.0	464730.0	574427.0	723151.0	937145.0	1263465.0	1797385.0	2762355.0	4814478.0	10627781.0	16396498.0

