Sample	1	2	3	4	5	6	7	8	9	10	11	12	13	14	15	16	17	18	19	20	21	22	23	24	25	26
fastqc | MantonBM1_HiSeq_1_S1_L007_R1_001	1.3466446025321919	0.004764049399766621	0.000896246751628336	0.008229536839396187	0.0	0.0	0.0	0.0	0.0	0.0	0.0	0.0	0.0	0.0	0.0	0.0	0.0	0.0	0.0	0.0	0.0	0.0004222318029893494	0.0	0.001647102363548075	0.0	0.0
fastqc | MantonBM1_HiSeq_1_S1_L008_R1_001	0.250209571836581	0.001849982162212128	0.0191309192159194	0.04515441411312412	2.474892524698499e-05	0.0	0.0	0.0	0.0	0.00010724534273693496	2.0624104372487494e-06	0.0002165530959111187	0.0	0.0	0.0	0.0	0.00011961980536042747	0.0	0.0	0.0	0.0	0.0	0.0	0.0	0.0	0.0
fastqc | MantonBM1_HiSeq_2_S2_L007_R1_001	1.3357484018160182	0.004682681181192532	0.0008881988821100673	0.00844896669036674	0.0	0.0	0.0	0.0	0.0	0.0	0.0	0.0	0.0	0.0	0.0	0.0	0.0	0.0	0.0	0.0	0.0	0.00036253015596329275	0.0	0.0015226266550458297	0.0	0.0
fastqc | MantonBM1_HiSeq_2_S2_L008_R1_001	0.25431558073403604	0.0018864890078817299	0.0185128859846092	0.04652988251283709	2.7401516315600545e-05	0.0	0.0	0.0	0.0	8.642016684150941e-05	1.0539044736769441e-05	0.00026136830947188214	0.0	0.0	0.0	0.0	0.0001285763457885872	0.0	0.0	0.0	0.0	0.0	0.0	0.0	0.0	0.0
fastqc | MantonBM1_HiSeq_3_S3_L007_R1_001	1.329921504134349	0.0047919938478843205	0.0008003584468276484	0.008446422390632896	0.0	0.0	0.0	0.0	0.0	0.0	0.0	0.0	0.0	0.0	0.0	0.0	0.0	0.0	0.0	0.0	0.0	0.00047127705498480814	0.0	0.0014646153303622701	0.0	0.0
fastqc | MantonBM1_HiSeq_3_S3_L008_R1_001	0.25914035992399637	0.0018076322474139667	0.018046338052974033	0.04666646805557218	1.4992210582817261e-05	0.0	0.0	0.0	0.0	9.637849660382525e-05	8.566977475895578e-06	0.00023559188058712836	0.0	0.0	0.0	0.0	9.209500786587746e-05	0.0	0.0	0.0	0.0	0.0	0.0	0.0	0.0	0.0
fastqc | MantonBM1_HiSeq_4_S4_L007_R1_001	1.3372972538592531	0.004751124778167566	0.0008643522189168302	0.008296656331251569	0.0	0.0	0.0	0.0	0.0	0.0	0.0	0.0	0.0	0.0	0.0	0.0	0.0	0.0	0.0	0.0	0.0	0.00044998814000008516	0.0	0.001531834626583623	0.0	0.0
fastqc | MantonBM1_HiSeq_4_S4_L008_R1_001	0.25795315785196876	0.0018998492223074284	0.018902222717497173	0.04696576593511797	2.1611521660167232e-05	0.0	0.0	0.0	0.0	9.430482178982065e-05	9.82341893643965e-06	0.00023969142204912746	0.0	0.0	0.0	0.0	0.00012573976238642754	0.0	0.0	0.0	0.0	0.0	0.0	0.0	0.0	0.0
fastqc | MantonBM1_HiSeq_5_S5_L007_R1_001	1.3460115558275196	0.0046584049275191115	0.0008469827140943838	0.008238364253488896	0.0	0.0	0.0	0.0	0.0	0.0	0.0	0.0	0.0	0.0	0.0	0.0	0.0	0.0	0.0	0.0	0.0	0.00041491865751182365	0.0	0.0015979511933926433	0.0	0.0
fastqc | MantonBM1_HiSeq_5_S5_L008_R1_001	0.25207716427981264	0.001782789627751382	0.018326291373849127	0.04543255371002094	2.8581797639300715e-05	0.0	0.0	0.0	0.0	0.00010182265409000879	5.3590870573688846e-06	0.0002697407152209005	0.0	0.0	0.0	0.0	0.00012325900231948433	0.0	0.0	0.0	0.0	0.0	0.0	0.0	0.0	0.0
fastqc | MantonBM1_HiSeq_6_S6_L007_R1_001	1.3603302510659474	0.004819942826113989	0.0008834958407148395	0.008079737824613568	0.0	0.0	0.0	0.0	0.0	0.0	0.0	0.0	0.0	0.0	0.0	0.0	0.0	0.0	0.0	0.0	0.0	0.00043773931853929437	0.0	0.0016114579308864133	0.0	0.0
fastqc | MantonBM1_HiSeq_6_S6_L008_R1_001	0.2534992413274812	0.001868385634595686	0.018986119621953672	0.04572313324982563	1.4947085076765488e-05	0.0	0.0	0.0	0.0	7.307463815307572e-05	6.6431489230068835e-06	0.0002607435952280202	0.0	0.0	0.0	0.0	0.00012123746784487562	0.0	0.0	0.0	0.0	0.0	0.0	0.0	0.0	0.0
fastqc | MantonBM1_HiSeq_7_S7_L007_R1_001	1.3583944373286483	0.004953390981242849	0.0008416116714108998	0.00821691868537269	0.0	0.0	0.0	0.0	0.0	0.0	0.0	0.0	0.0	0.0	0.0	0.0	0.0	0.0	0.0	0.0	0.0	0.0004349156960742716	0.0	0.0015421247391335813	0.0	0.0
fastqc | MantonBM1_HiSeq_7_S7_L008_R1_001	0.2563362401037912	0.0017304977945124791	0.01874734699419003	0.04587458211195644	1.035193097415242e-05	0.0	0.0	0.0	0.0	0.00012077252803177822	8.626609145127016e-06	0.0003191845383696996	0.0	0.0	0.0	0.0	0.000115596562544702	0.0	0.0	0.0	0.0	0.0	0.0	0.0	0.0	0.0
fastqc | MantonBM1_HiSeq_8_S8_L007_R1_001	1.3591988145061482	0.00482359882513049	0.0008814442684279524	0.008278860357368063	0.0	0.0	0.0	0.0	0.0	0.0	0.0	0.0	0.0	0.0	0.0	0.0	0.0	0.0	0.0	0.0	0.0	0.00042980901470010633	0.0	0.0015580576782878853	0.0	0.0
fastqc | MantonBM1_HiSeq_8_S8_L008_R1_001	0.2558035715917181	0.001775036008432674	0.018824082846290426	0.04601345794016503	2.6103470712245204e-05	0.0	0.0	0.0	0.0	0.00010963457699142987	6.960925523265389e-06	0.00026103470712245206	0.0	0.0	0.0	0.0	0.00013051735356122603	0.0	0.0	0.0	0.0	0.0	0.0	0.0	0.0	0.0
fastqc | MantonBM2_HiSeq_1_S9_L005_R1_001	0.36788126156417583	0.03541738320473518	0.0	0.0027575340075963895	0.0	0.0	0.0	0.0	0.0	0.0	0.0028710449887465604	0.0	3.914171763798992e-05	0.0	0.0	0.0	0.0030354402028261182	0.0	0.0	0.0	0.0	0.0	0.0	0.0002759491093478289	0.0	2.5442116464693444e-05
fastqc | MantonBM2_HiSeq_1_S9_L006_R1_001	0.31328635000655436	0.06457616301401062	0.0	0.003439686053417813	0.0	0.0	0.0	0.0	2.9836186336957485e-05	0.0	0.0	0.0	0.0	0.0	0.0	0.0	0.00205230338874929	0.0	0.0	0.000613772976074554	0.0013703334153331189	0.0	0.0	0.0	0.0	0.0
fastqc | MantonBM2_HiSeq_2_S10_L005_R1_001	0.3666648098579258	0.03581530467790386	0.0	0.002872331886166848	0.0	0.0	0.0	0.0	0.0	0.0	0.0029896403355718602	0.0	1.3800994047648518e-05	0.0	0.0	0.0	0.003186304500750852	0.0	0.0	0.0	0.0	0.0	0.0	0.00025186814136958545	0.0	6.900497023824259e-06
fastqc | MantonBM2_HiSeq_2_S10_L006_R1_001	0.3151900317645147	0.06567150399793453	0.0	0.003324399504647503	0.0	0.0	0.0	0.0	1.5085193441395364e-05	0.0	0.0	0.0	0.0	0.0	0.0	0.0	0.002085527993272909	0.0	0.0	0.0005826655966738958	0.0014368646752929081	0.0	0.0	0.0	0.0	0.0
fastqc | MantonBM2_HiSeq_3_S11_L005_R1_001	0.36516661279413565	0.03585011041501715	0.0	0.0026958597008153126	0.0	0.0	0.0	0.0	0.0	0.0	0.0027941183380219676	0.0	3.215737217672341e-05	0.0	0.0	0.0	0.003074602084230055	0.0	0.0	0.0	0.0	0.0	0.0	0.00023403420861948704	0.0	2.8584330823754146e-05
fastqc | MantonBM2_HiSeq_3_S11_L006_R1_001	0.31174963255898347	0.06463661198811929	0.0	0.0033065448578457842	0.0	0.0	0.0	0.0	2.340916713519139e-05	0.0	0.0	0.0	0.0	0.0	0.0	0.0	0.0021321849732303493	0.0	0.0	0.0005364600801814694	0.0012621442613724027	0.0	0.0	0.0	0.0	0.0
fastqc | MantonBM2_HiSeq_4_S12_L005_R1_001	0.3638545840039957	0.03461086814801797	0.0	0.0028565945489578194	0.0	0.0	0.0	0.0	0.0	0.0	0.002659397376868473	0.0	3.501632027754746e-05	0.0	0.0	0.0	0.0031072376835760535	0.0	0.0	0.0	0.0	0.0	0.0	0.00023958534926743	0.0	2.3958534926743e-05
fastqc | MantonBM2_HiSeq_4_S12_L006_R1_001	0.3098336126599236	0.0643327501198664	0.0	0.003224037592278326	0.0	0.0	0.0	0.0	1.8000209882447228e-05	0.0	0.0	0.0	0.0	0.0	0.0	0.0	0.002050023903278712	0.0	0.0	0.0005940069261207586	0.0013420156479024546	0.0	0.0	0.0	0.0	0.0
fastqc | MantonBM2_HiSeq_5_S13_L005_R1_001	0.3656002808981126	0.03562422699892401	0.0	0.002838456761776398	0.0	0.0	0.0	0.0	0.0	0.0	0.0027562069797970696	0.0	2.1821370729209447e-05	0.0	0.0	0.0	0.0030952775095894015	0.0	0.0	0.0	0.0	0.0	0.0	0.00020814230541707471	0.0	1.3428535833359658e-05
fastqc | MantonBM2_HiSeq_5_S13_L006_R1_001	0.3130705212922749	0.06453349657234943	0.0	0.003322516655210069	0.0	0.0	0.0	0.0	1.4604468814110194e-05	0.0	0.0	0.0	0.0	0.0	0.0	0.0	0.002176065853302419	0.0	0.0	0.0005476675805291323	0.001334483337889319	0.0	0.0	0.0	0.0	0.0
fastqc | MantonBM2_HiSeq_6_S14_L005_R1_001	0.3670805830817279	0.035438772848966786	0.0	0.0028180188496877323	0.0	0.0	0.0	0.0	0.0	0.0	0.0027692583803315602	0.0	2.8583723415687018e-05	0.0	0.0	0.0	0.0030315560775578646	0.0	0.0	0.0	0.0	0.0	0.0	0.0002505279287610215	0.0	1.3451163960323304e-05
fastqc | MantonBM2_HiSeq_6_S14_L006_R1_001	0.3128169425082754	0.0648342283278366	0.0	0.0032873179360371845	0.0	0.0	0.0	0.0	1.641834707232778e-05	0.0	0.0	0.0	0.0	0.0	0.0	0.0	0.002105196946829584	0.0	0.0	0.000498023194527276	0.0013061707226429656	0.0	0.0	0.0	0.0	0.0
fastqc | MantonBM2_HiSeq_7_S15_L005_R1_001	0.366349450915618	0.03538981870570858	0.0	0.002777260960044158	0.0	0.0	0.0	0.0	0.0	0.0	0.0028553484034830657	0.0	3.830704772474701e-05	0.0	0.0	0.0	0.0031220243895668815	0.0	0.0	0.0	0.0	0.0	0.0	0.0002342623303167221	0.0	2.7993611798853584e-05
fastqc | MantonBM2_HiSeq_7_S15_L006_R1_001	0.31037499859261153	0.06480633430026592	0.0	0.0032864422198533427	0.0	0.0	0.0	0.0	3.3633180612534214e-05	0.0	0.0	0.0	0.0	0.0	0.0	0.0	0.0020612334975395968	0.0	0.0	0.0005028961291588449	0.0012812640233346366	0.0	0.0	0.0	0.0	0.0
fastqc | MantonBM2_HiSeq_8_S16_L005_R1_001	0.36609241985480856	0.035135553119253864	0.0	0.0027661713223031143	0.0	0.0	0.0	0.0	0.0	0.0	0.0027569260972954168	0.0	2.7735675023092725e-05	0.0	0.0	0.0	0.0030287357125217255	0.0	0.0	0.0	0.0	0.0	0.0	0.0002718096152263087	0.0	1.8490450015395148e-05
fastqc | MantonBM2_HiSeq_8_S16_L006_R1_001	0.31288386512657995	0.06516035790447955	0.0	0.003255606334975847	0.0	0.0	0.0	0.0	1.607706832086838e-05	0.0	0.0	0.0	0.0	0.0	0.0	0.0	0.0021382500866754944	0.0	0.0	0.0005325528881287651	0.0014228205463968516	0.0	0.0	0.0	0.0	0.0
fastqc | MantonBM3_HiSeq_1_S17_L003_R1_001	0.4274599174990363	0.009645929850188731	0.0	0.0006434255072483156	0.0	0.0	0.0	0.0	0.0	0.0	0.0	0.0	0.0	0.0005125593023842513	0.0005161944747415865	1.999344796534314e-05	0.0	0.0	0.0	0.0	0.0	0.0	0.0	0.0	0.0	0.0
fastqc | MantonBM3_HiSeq_1_S17_L004_R1_001	0.4151991334947873	0.03390502151698821	0.0	0.0007032323402027476	0.0	0.0	0.0	0.0024786057892391927	0.00022672518072110442	0.0	0.0	0.0	0.0	0.0	0.0	0.0	0.0	5.3799195425346815e-05	0.0	0.0	0.004640180605436163	0.0	0.0	0.0	0.0	1.921399836619529e-06
fastqc | MantonBM3_HiSeq_2_S18_L003_R1_001	0.4272722415395667	0.009294867741078695	0.0	0.0006517506538801362	0.0	0.0	0.0	0.0	0.0	0.0	0.0	0.0	0.0	0.0003858880109112094	0.00047106730428960337	1.677773960483519e-05	0.0	0.0	0.0	0.0	0.0	0.0	0.0	0.0	0.0	0.0
fastqc | MantonBM3_HiSeq_2_S18_L004_R1_001	0.41305129792893763	0.0338208817240319	0.0	0.0007436648002795737	0.0	0.0	0.0	0.002182704478742645	0.00019040026426452912	0.0	0.0	0.0	0.0	0.0	0.0	0.0	0.0	4.828992209607622e-05	0.0	0.0	0.004467507649916994	0.0	0.0	0.0	0.0	1.379712059887892e-06
fastqc | MantonBM3_HiSeq_3_S19_L003_R1_001	0.42596227503179945	0.009368226218883283	0.0	0.0006622711873516246	0.0	0.0	0.0	0.0	0.0	0.0	0.0	0.0	0.0	0.00045849543739727856	0.0004694119954305471	2.7291395083171345e-05	0.0	0.0	0.0	0.0	0.0	0.0	0.0	0.0	0.0	0.0
fastqc | MantonBM3_HiSeq_3_S19_L004_R1_001	0.41277968319859526	0.03391662848152659	0.0	0.0007234874999204746	0.0	0.0	0.0	0.0022616258040409473	0.0002230591487690471	0.0	0.0	0.0	0.0	0.0	0.0	0.0	0.0	3.685325066619039e-05	0.0	0.0	0.004408812566539514	0.0	0.0	0.0	0.0	5.818934315714273e-06
fastqc | MantonBM3_HiSeq_4_S20_L003_R1_001	0.4272815828768945	0.009226411171106064	0.0	0.0006655544126257557	0.0	0.0	0.0	0.0	0.0	0.0	0.0	0.0	0.0	0.0004393529129098126	0.00047995318208959723	3.7700249952657186e-05	0.0	0.0	0.0	0.0	0.0	0.0	0.0	0.0	0.0	0.0
fastqc | MantonBM3_HiSeq_4_S20_L004_R1_001	0.4137883680156337	0.03427963579861739	0.0	0.0006884818810087237	0.0	0.0	0.0	0.002332847087882238	0.00028430613389869173	0.0	0.0	0.0	0.0	0.0	0.0	0.0	0.0	4.917727721490884e-05	0.0	0.0	0.004449006798036284	0.0	0.0	0.0	0.0	9.220739477795407e-06
fastqc | MantonBM3_HiSeq_5_S21_L003_R1_001	0.42539255502538154	0.00938309208200051	0.0	0.0006491210684359687	0.0	0.0	0.0	0.0	0.0	0.0	0.0	0.0	0.0	0.00046473305479328774	0.0004948372202859704	3.0104165492682606e-05	0.0	0.0	0.0	0.0	0.0	0.0	0.0	0.0	0.0	0.0
fastqc | MantonBM3_HiSeq_5_S21_L004_R1_001	0.4118625924909907	0.03374789435977783	0.0	0.0006490754977809378	0.0	0.0	0.0	0.002382631175084064	0.00018343437980765636	0.0	0.0	0.0	0.0	0.0	0.0	0.0	0.0	5.240982280218753e-05	0.0	0.0	0.0042572902214700024	0.0	0.0	0.0	0.0	1.2094574492812508e-05
fastqc | MantonBM3_HiSeq_6_S22_L003_R1_001	0.42789821117509813	0.009391400518220199	0.0	0.0006482527146913826	0.0	0.0	0.0	0.0	0.0	0.0	0.0	0.0	0.0	0.00048481222855106224	0.0004737937688112654	9.182049783164058e-06	0.0	0.0	0.0	0.0	0.0	0.0	0.0	0.0	0.0	0.0
fastqc | MantonBM3_HiSeq_6_S22_L004_R1_001	0.4141026146499123	0.03356887929153163	0.0	0.0007052450647038773	0.0	0.0	0.0	0.0022964665198853275	0.00021412733162318282	0.0	0.0	0.0	0.0	0.0	0.0	0.0	0.0	5.893412796968334e-05	0.0	0.0	0.004453455603575738	0.0	0.0	0.0	0.0	1.964470932322778e-06
fastqc | MantonBM3_HiSeq_7_S23_L003_R1_001	0.4283670355000612	0.009598817912676774	0.0	0.0006331566995254024	0.0	0.0	0.0	0.0	0.0	0.0	0.0	0.0	0.0	0.00045457404068490425	0.0005499534152928976	2.2322832355062263e-05	0.0	0.0	0.0	0.0	0.0	0.0	0.0	0.0	0.0	0.0
fastqc | MantonBM3_HiSeq_7_S23_L004_R1_001	0.41540609811782264	0.03326147369235919	0.0	0.0007837561759931937	0.0	0.0	0.0	0.0023797289477782164	0.00023644041063481817	0.0	0.0	0.0	0.0	0.0	0.0	0.0	0.0	7.224568102730556e-05	0.0	0.0	0.004220899182443791	0.0	0.0	0.0	0.0	0.0
fastqc | MantonBM3_HiSeq_8_S24_L003_R1_001	0.42681932323333843	0.009156995874148375	0.0	0.0006579764381465479	0.0	0.0	0.0	0.0	0.0	0.0	0.0	0.0	0.0	0.00042042620546326695	0.00046944450744553125	2.8279789605152487e-05	0.0	0.0	0.0	0.0	0.0	0.0	0.0	0.0	0.0	0.0
fastqc | MantonBM3_HiSeq_8_S24_L004_R1_001	0.41223981059598636	0.03401081836538636	0.0	0.0007133040862673559	0.0	0.0	0.0	0.00229176410909988	0.00023576997809397196	0.0	0.0	0.0	0.0	0.0	0.0	0.0	0.0	4.5955165221706396e-05	0.0	0.0	0.004339766037458535	0.0	0.0	0.0	0.0	5.994151985439966e-06
fastqc | MantonBM4_HiSeq_1_S25_L001_R1_001	0.9112058082047378	0.002738531531254124	3.2447056057513316e-05	0.0	0.0	1.7845880831632323e-05	0.00047534937124257007	0.0	0.0	0.0	0.0	0.0	0.00037800820307003013	0.0	0.0	0.00021901762838821487	0.0	0.0	0.0	0.0	0.0	0.0007641281701544385	0.0	0.0	0.0006976117052365363	0.0005451105417662237
fastqc | MantonBM4_HiSeq_1_S25_L002_R1_001	0.33195235036785176	0.0036335856520778587	0.005004032651883384	0.1016428634294846	0.0	0.0	0.0	0.0	0.0	0.0	0.0	0.0	0.0006331498201755323	0.0006430686163140523	0.0014216941131878792	0.0	0.0	0.0	0.0	0.0	0.0	0.0	0.0	0.0	0.0	0.0
fastqc | MantonBM4_HiSeq_2_S26_L001_R1_001	0.9114989029496564	0.0027752973821437176	2.6612440650693186e-05	0.0	0.0	1.7107997561159905e-05	0.000469519488622944	0.0	0.0	0.0	0.0	0.0	0.00036877239187389126	0.0	1.9008886179066558e-06	0.00019769241626229223	0.0	0.0	0.0	0.0	0.0	0.0007071305658612761	0.0	0.0	0.0006139870235838498	0.0004828257089482906
fastqc | MantonBM4_HiSeq_2_S26_L002_R1_001	0.3332857068787014	0.003843004203674107	0.004559634147623901	0.09491997070627921	0.0	0.0	0.0	0.0	0.0	0.0	0.0	0.0	0.0005785822493645644	0.0006130941730108718	0.001291151967003028	0.0	0.0	0.0	0.0	0.0	0.0	0.0	0.0	0.0	0.0	0.0
fastqc | MantonBM4_HiSeq_3_S27_L001_R1_001	0.9183598579603028	0.0027645659373159133	3.297692966977232e-05	0.0	0.0	2.38166714281689e-05	0.0005203026681230744	0.0	0.0	0.0	0.0	1.8320516483206847e-06	0.00036274622636749555	0.0	1.8320516483206847e-06	0.00025465517911657515	0.0	0.0	0.0	0.0	0.0	0.0006778591098786533	0.0	0.0	0.0006815232131752948	0.0005844244758142984
fastqc | MantonBM4_HiSeq_3_S27_L002_R1_001	0.3315938949281485	0.0035922909284780953	0.004594790722471982	0.10030693961495653	0.0	0.0	0.0	0.0	0.0	0.0	0.0	0.0	0.0005297300047808608	0.0006303597189507017	0.0013594504782189832	0.0	0.0	0.0	0.0	0.0	0.0	0.0	0.0	0.0	0.0	0.0
fastqc | MantonBM4_HiSeq_4_S28_L001_R1_001	0.9173377865319493	0.0027458517183618658	3.21570142683888e-05	0.0	0.0	1.07190047561296e-05	0.000509152725916156	0.0	0.0	0.0	0.0	5.3595023780648e-06	0.0003894571728060421	0.0	0.0	0.00019472858640302105	0.0	0.0	0.0	0.0	0.0	0.0006860163043922944	0.0	0.0	0.000696735309148424	0.0004930742187819617
fastqc | MantonBM4_HiSeq_4_S28_L002_R1_001	0.3326363842437748	0.0035141993648605237	0.004778352885728022	0.09995289646042727	0.0	0.0	0.0	0.0	0.0	0.0	0.0	0.0	0.0005786358681521785	0.0006062777089874737	0.0014263189871012297	0.0	0.0	0.0	0.0	0.0	0.0	0.0	0.0	0.0	0.0	0.0
fastqc | MantonBM4_HiSeq_5_S29_L001_R1_001	0.9169731864338723	0.0029379215651054074	3.8901667240889106e-05	0.0	0.0	1.6913768365603957e-05	0.000504030297294998	0.0	0.0	0.0	0.0	3.3827536731207916e-06	0.000405930440774495	0.0	0.0	0.00021311348140660988	0.0	0.0	0.0	0.0	0.0	0.00064103182105639	0.0	0.0	0.0006596369662585543	0.0005564629792283702
fastqc | MantonBM4_HiSeq_5_S29_L002_R1_001	0.33491559865582177	0.0035915160099588917	0.004478177133856789	0.09524786611718566	0.0	0.0	0.0	0.0	0.0	0.0	0.0	0.0	0.0005097404032125563	0.0006030731530965455	0.0013999912482598378	0.0	0.0	0.0	0.0	0.0	0.0	0.0	0.0	0.0	0.0	0.0
fastqc | MantonBM4_HiSeq_6_S30_L001_R1_001	0.9183636765583179	0.0028036827640921555	3.8034456102025365e-05	0.0	0.0	1.0866987457721533e-05	0.0005324823854283551	0.0	0.0	0.0	0.0	5.433493728860767e-06	0.0003622329152573844	0.0	1.8111645762869222e-06	0.0002137174200018568	0.0	0.0	0.0	0.0	0.0	0.0007461998054302119	0.0	0.0	0.0007498221345827857	0.0004799586127160343
fastqc | MantonBM4_HiSeq_6_S30_L002_R1_001	0.33620108127188614	0.003619078287935974	0.004631501563619808	0.09606729441630572	0.0	0.0	0.0	0.0	0.0	0.0	0.0	0.0	0.0005167377777592348	0.0006736729547083357	0.0013951919999499339	0.0	0.0	0.0	0.0	0.0	0.0	0.0	0.0	0.0	0.0	0.0
fastqc | MantonBM4_HiSeq_7_S31_L001_R1_001	0.9207745258856213	0.002770047855185633	3.295496456929372e-05	0.0	0.0	7.3233254598430485e-06	0.0005199561076488564	0.0	0.0	0.0	0.0	1.8308313649607621e-06	0.0003954595748315246	0.0	1.8308313649607621e-06	0.00021054560697048765	0.0	0.0	0.0	0.0	0.0	0.0007268400518894225	0.0	0.0	0.0007268400518894225	0.0004924936371744449
fastqc | MantonBM4_HiSeq_7_S31_L002_R1_001	0.3364448407892027	0.003585202126359891	0.004759731286982626	0.09636722944263489	0.0	0.0	0.0	0.0	0.0	0.0	0.0	0.0	0.0005699354615480815	0.0006912392928910853	0.001390180416343631	0.0	0.0	0.0	0.0	0.0	0.0	0.0	0.0	0.0	0.0	0.0
fastqc | MantonBM4_HiSeq_8_S32_L001_R1_001	0.9086236387189313	0.0029178749378520443	4.0889503052859366e-05	0.0	0.0	2.780486207594437e-05	0.0005217500589544855	0.0	0.0	0.0	0.0	1.6355801221143746e-06	0.000436699892604538	0.0	0.0	0.00022080331648544058	0.0	0.0	0.0	0.0	0.0	0.0008014342598360436	0.0	0.0	0.0006853080711659229	0.0004775893956573974
fastqc | MantonBM4_HiSeq_8_S32_L002_R1_001	0.3298876260674091	0.003668174171809064	0.0049790577316405175	0.10551791301029263	0.0	0.0	0.0	0.0	0.0	0.0	0.0	0.0	0.0005864479083456498	0.0006308011114978418	0.0013568794742115035	0.0	0.0	0.0	0.0	0.0	0.0	0.0	0.0	0.0	0.0	0.0
fastqc | MantonBM5_HiSeq_1_S1_L001_R1_001	1.9001480068996368	0.0	0.0	0.17778938706434586	0.0016812429443878853	0.0011471237294063967	0.0	0.0	0.0	0.0009367629308906106	0.0	0.00027445510431356484	0.0003122543102968702	0.0	0.0007691316695733434	0.0	0.0	0.0	0.0	0.0	2.1364768599259542e-05	0.0	0.0	0.0	0.0	0.0
fastqc | MantonBM5_HiSeq_1_S1_L002_R1_001	1.3395970070752483	0.0	0.09534798896495023	0.09401475504647981	0.0	0.0	0.0	0.0	0.0	0.0	0.0	1.6121329122979544e-06	0.0	0.0	0.0014767137476649262	0.0	1.6121329122979544e-06	0.0	0.0	0.0	0.002147361039180875	0.00024988060140618295	0.0	0.0	0.0	0.002013554007460145
fastqc | MantonBM5_HiSeq_2_S2_L001_R1_001	1.8926917856578023	0.0	0.0	0.17623440051052308	0.0017531698832504135	0.0011383596228228712	0.0	0.0	0.0	0.0010278859041522972	0.0	0.00028178803602929017	0.0003266179508521318	0.0	0.0007509010732825971	0.0	0.0	0.0	0.0	0.0	1.2808547092240465e-05	0.0	0.0	0.0	0.0	0.0
fastqc | MantonBM5_HiSeq_2_S2_L002_R1_001	1.3353512351131243	0.0	0.09468494433217535	0.09356206139446482	0.0	0.0	0.0	0.0	0.0	0.0	0.0	4.71139694144277e-06	0.0	0.0	0.0015798884410304754	0.0	0.0	0.0	0.0	0.0	0.0019850685779945537	0.00022457658754210534	1.57046564714759e-06	0.0	0.0	0.0020902897763534424
fastqc | MantonBM5_HiSeq_3_S3_L001_R1_001	1.8841146436967917	0.0	0.0	0.1774475914358679	0.0017533665107498306	0.0011730931574605306	0.0	0.0	0.0	0.0008970712380580528	0.0	0.00028700006392416727	0.0003293443356506837	0.0	0.0007982679373628478	0.0	0.0	0.0	0.0	0.0	2.6661208124102968e-05	0.0	0.0	0.0	0.0	0.0
fastqc | MantonBM5_HiSeq_3_S3_L002_R1_001	1.335917822051739	0.0	0.09494483156801965	0.09471392337314631	0.0	0.0	0.0	0.0	0.0	0.0	0.0	1.539387965822262e-06	0.0	0.0	0.0015162971463349281	0.0	7.696939829111311e-06	0.0	0.0	0.0	0.0021505249882537	0.0002278294189416948	3.078775931644524e-06	0.0	0.0	0.0021412886604587665
fastqc | MantonBM5_HiSeq_4_S4_L001_R1_001	1.9031910781881913	0.0	0.0	0.1769038386864779	0.0017476832682776782	0.001102938691778235	0.0	0.0	0.0	0.0009196610456667183	0.0	0.00027818928427640946	0.0003010989900403491	0.0	0.0008329314452746613	0.0	0.0	0.0	0.0	0.0	2.2909705763939604e-05	0.0	0.0	0.0	0.0	0.0
fastqc | MantonBM5_HiSeq_4_S4_L002_R1_001	1.3382788180705822	0.0	0.09422737100635112	0.0939814011066041	0.0	0.0	0.0	0.0	0.0	0.0	0.0	3.215292807150451e-06	0.0	0.0	0.00149832644813211	0.0	3.215292807150451e-06	0.0	0.0	0.0	0.0021076244350871206	0.0002073863860612041	3.215292807150451e-06	0.0	0.0	0.002096370910262094
fastqc | MantonBM5_HiSeq_5_S5_L001_R1_001	1.8801450074747743	0.0	0.0	0.17530017809181603	0.0016488061693634226	0.0012354075267059913	0.0	0.0	0.0	0.0010422753422984655	0.0	0.00030645768104334666	0.0003367842223965945	0.0	0.0007326253937442506	0.0	0.0	0.0	0.0	0.0	2.7134273842379655e-05	0.0	0.0	0.0	0.0	0.0
fastqc | MantonBM5_HiSeq_5_S5_L002_R1_001	1.332619113324037	0.0	0.09312705280545872	0.092911336186566	0.0	0.0	0.0	0.0	0.0	0.0	0.0	3.12632781003957e-06	0.0	0.0	0.0015662902328298248	0.0	1.563163905019785e-06	0.0	0.0	0.0	0.002188429467027699	0.00024541673308810626	0.0	0.0	0.0	0.0021352818942570262
fastqc | MantonBM5_HiSeq_6_S6_L001_R1_001	1.8900747362973802	0.0	0.0	0.1772827026888235	0.0017314785310379274	0.0011252967682741748	0.0	0.0	0.0	0.0009823758648583307	0.0	0.0002989839588699267	0.00029569842086036706	0.0	0.0007753869702560737	0.0	0.0	0.0	0.0	0.0	3.2855380095596344e-05	0.0	0.0	0.0	0.0	0.0
fastqc | MantonBM5_HiSeq_6_S6_L002_R1_001	1.3373868801518904	0.0	0.09414200829732182	0.0941629538066127	0.0	0.0	0.0	0.0	0.0	0.0	0.0	3.2223860447483083e-06	0.0	0.0	0.0015838027409937937	0.0	0.0	0.0	0.0	0.0	0.002110662859310142	0.0002255670231323816	1.6111930223741542e-06	0.0	0.0	0.0020462151384151757
fastqc | MantonBM5_HiSeq_7_S7_L001_R1_001	1.93198643341838	0.0	0.0	0.18121680387122893	0.0018766404018388104	0.0012334027980411186	0.0	0.0	0.0	0.0010104986779132057	0.0	0.0002993283898860546	0.00032904893923644304	0.0	0.0007578740084349042	0.0	0.0	0.0	0.0	0.0	2.54747565860472e-05	0.0	0.0	0.0	0.0	0.0
fastqc | MantonBM5_HiSeq_7_S7_L002_R1_001	1.3479834267160502	0.0	0.09704291656940499	0.09664518253971892	0.0	0.0	0.0	0.0	0.0	0.0	0.0	1.046668499173875e-05	0.0	0.0	0.0015386026937855963	0.0	0.0	0.0	0.0	0.0	0.0022168438812502672	0.00024282709180833902	0.0	0.0	0.0	0.0022649906322122658
fastqc | MantonBM5_HiSeq_8_S8_L001_R1_001	1.8881215257554576	0.0	0.0	0.17660854385490632	0.0017328294779972405	0.0011582124490240623	0.0	0.0	0.0	0.000928365637434791	0.0	0.0003304047916595775	0.00034836157381498933	0.0	0.000840377404873273	0.0	0.0	0.0	0.0	0.0	1.795678215541182e-05	0.0	0.0	0.0	0.0	0.0
fastqc | MantonBM5_HiSeq_8_S8_L002_R1_001	1.3358086357099315	0.0	0.09521628796107041	0.0949287000844485	0.0	0.0	0.0	0.0	0.0	0.0	0.0	5.293028404084185e-06	0.0	0.0	0.0014979270383558246	0.0	1.7643428013613952e-06	0.0	0.0	0.0	0.002261887471345309	0.00022936456417698139	5.293028404084185e-06	0.0	0.0	0.0021613199316677088
fastqc | MantonBM6_HiSeq_1_S9_L003_R1_001	1.4168998095892789	0.02348030858393997	0.02439089811310248	0.031042552103722837	0.0	0.0	0.0	0.0	0.0	0.0	3.000294989003319e-06	0.0	0.0	0.0	1.8001769934019913e-05	0.0	0.00469096121530669	0.0	0.0006015591452951654	0.001440141594721593	0.0	0.0	0.0	0.0	0.0	0.061513548012040536
fastqc | MantonBM6_HiSeq_1_S9_L004_R1_001	1.2576284704071514	0.0075907182601136665	0.028088791139842667	0.0	0.0	0.0014951640842606434	0.0	0.0	0.0	0.0	0.0	0.0	0.00038498236900124354	0.0	0.0009385810469061325	0.0	0.0005789657332266763	0.0	0.0006132858668973298	0.00013728053468261398	0.0	0.0015011328031598876	0.0	0.0	0.0	0.14194956504154765
fastqc | MantonBM6_HiSeq_2_S10_L003_R1_001	1.4226131881939403	0.02379901361783392	0.024463370216291795	0.03152996668450398	0.0	0.0	0.0	0.0	0.0	0.0	0.0	0.0	0.0	0.0	2.5552176863764423e-05	0.0	0.0047385092428469805	0.0	0.0006160913754929867	0.0014366001658960889	0.0	0.0	0.0	0.0	0.0	0.062249361536274105
fastqc | MantonBM6_HiSeq_2_S10_L004_R1_001	1.2614989132598007	0.007680227575352297	0.02882168138270191	0.0	0.0	0.0015730416471672103	0.0	0.0	0.0	0.0	0.0	0.0	0.00041091123817384043	0.0	0.0010350444590426977	0.0	0.0005648264442252102	0.0	0.0006382538819744876	0.00014261867716686559	0.0	0.0015913985066045295	0.0	0.0	0.0	0.14391354179025187
fastqc | MantonBM6_HiSeq_4_S11_L003_R1_001	1.426064226070573	0.023816789611593416	0.024609403395767043	0.031148098114368854	0.0	0.0	0.0	0.0	0.0	0.0	0.0	0.0	0.0	0.0	1.1808026579867831e-05	0.0	0.004807342821328691	0.0	0.0005712132858011063	0.0015335674520603345	0.0	0.0	0.0	0.0	0.0	0.06145930234488958
fastqc | MantonBM6_HiSeq_4_S11_L004_R1_001	1.2649777243794946	0.007486170974475052	0.028160582688042984	0.0	0.0	0.0015372074674717129	0.0	0.0	0.0	0.0	0.0	0.0	0.0004100199650330859	0.0	0.00100961905368362	0.0	0.0006334000176675986	0.0	0.0006187039615732228	0.00014989977216263355	0.0	0.001571008396488777	0.0	0.0	0.0	0.14349376131109512
fastqc | MantonBM6_HiSeq_5_S12_L003_R1_001	1.4103912286522744	0.02136663432493506	0.02404397103115734	0.030505276948840452	0.0	0.0	0.0	0.0	0.0	0.0	0.0	0.0	0.0	0.0	1.1899274249876817e-05	0.0	0.004581220586202575	0.0	0.0006157874424311253	0.00155136788032769	0.0	0.0	0.0	0.0	0.0	0.060876687062369796
fastqc | MantonBM6_HiSeq_5_S12_L004_R1_001	1.2523209361996093	0.00709452766706803	0.02833226318908114	0.0	0.0	0.0015721248509679622	0.0	0.0	0.0	0.0	0.0	0.0	0.00043924842966837704	0.0	0.0010500551685675007	0.0	0.0005767908672413033	0.0	0.0006167225426657011	0.00015676879981430292	0.0	0.0015484616359016526	0.0	0.0	0.0	0.14279271341576363
fastqc | MantonBM6_HiSeq_6_S13_L003_R1_001	1.4189875600845936	0.02394856646925835	0.024803295544571922	0.03136249992882866	0.0	0.0	0.0	0.0	0.0	0.0	0.0	0.0	0.0	0.0	1.615236047836669e-05	0.0	0.0047393717703607605	0.0	0.00069185944049004	0.0014994774644083745	0.0	0.0	0.0	0.0	0.0	0.0616858646668824
fastqc | MantonBM6_HiSeq_6_S13_L004_R1_001	1.26090891943963	0.007849528766399804	0.028224815808329404	0.0	0.0	0.0015672267332231694	0.0	0.0	0.0	0.0	0.0	0.0	0.0004232851689730953	0.0	0.0009282804496783388	0.0	0.0005451805815571197	0.0	0.0006215326531756843	0.00013796953292477475	0.0	0.00149891172177498	0.0	0.0	0.0	0.14337445588935208
fastqc | MantonBM6_HiSeq_7_S14_L003_R1_001	1.4233081327298265	0.023682314193815744	0.024718499789201463	0.03140797003669162	0.0	0.0	0.0	0.0	0.0	0.0	0.0	0.0	0.0	0.0	1.4995450005582056e-05	0.0	0.004726565841759464	0.0	0.0006193120852305389	0.0014545586505414596	0.0	0.0	0.0	0.0	0.0	0.06140186913785685
fastqc | MantonBM6_HiSeq_7_S14_L004_R1_001	1.263239398536636	0.007658709178804047	0.02849075623792388	0.0	0.0	0.0015830684665324557	0.0	0.0	0.0	0.0	0.0	0.0	0.00043120338061063113	0.0	0.0009877392317101654	0.0	0.000583392809061442	0.0	0.000598313341262502	0.00016710996065187088	0.0	0.001483100900785354	0.0	0.0	0.0	0.14337885418608512
fastqc | MantonBM6_HiSeq_8_S15_L003_R1_001	1.4200253292608414	0.023866234773030133	0.024756277842726118	0.03150126877345738	0.0	0.0	0.0	0.0	0.0	0.0	1.421794041047905e-06	0.0	0.0	0.0	1.5639734451526954e-05	0.0	0.004710403657991709	0.0	0.0006796175516208985	0.0014928837431003	0.0	0.0	0.0	0.0	0.0	0.06207126245002838
fastqc | MantonBM6_HiSeq_8_S15_L004_R1_001	1.2577286534130694	0.007655600684886383	0.027949871285087597	0.0	0.0	0.0015243327555056374	0.0	0.0	0.0	0.0	0.0	0.0	0.0003973446236522117	0.0	0.0009360930279635733	0.0	0.0005825835763156982	0.0	0.0006730819959375543	0.00013998974285255855	0.0	0.0015101923774397225	0.0	0.0	0.0	0.14230169466633566
fastqc | MantonBM7_HiSeq_1_S16_L005_R1_001	2.2041992474019065	0.09096193194352455	0.0	0.0	0.0	0.0	0.0	2.07090542004097e-05	0.0	0.0	0.0	0.0	0.00018120422425358485	0.0	0.0004918400372597304	0.0	0.0016386039136074176	0.0	0.0	0.0	0.0	0.0	0.0	0.0	0.0	0.19272104702078768
fastqc | MantonBM7_HiSeq_1_S16_L006_R1_001	1.3046535277121936	0.05325707932458804	0.0	0.008357170883006472	0.0	0.0	0.0	0.00045544946924337747	0.0	0.0	0.0	0.0	2.1791840633654424e-05	0.0	0.0	0.00017651390913260085	5.230041752077061e-05	0.0	0.0004271200764196267	0.0	0.0	0.0	0.0	0.0	0.0	0.166842690259385
fastqc | MantonBM7_HiSeq_2_S17_L005_R1_001	2.2133614554713814	0.09195892760965112	0.0	0.0	0.0	0.0	0.0	3.0147426714214573e-05	0.0	0.0	0.0	0.0	0.00023654134806537586	0.0	0.00042902107247151503	0.0	0.001709127191413549	0.0	0.0	0.0	0.0	0.0	0.0	0.0	0.0	0.19241247245423823
fastqc | MantonBM7_HiSeq_2_S17_L006_R1_001	1.306042241692588	0.05291284975034469	0.0	0.008297993363357584	0.0	0.0	0.0	0.0004516974332001313	0.0	0.0	0.0	0.0	2.1416688643109672e-05	0.0	0.0	0.00020443202795695597	5.0621264065531955e-05	0.0	0.0004770080652328972	0.0	0.0	0.0	0.0	0.0	0.0	0.1671085805671003
fastqc | MantonBM7_HiSeq_3_S18_L005_R1_001	2.2165040553099713	0.09119668292829808	0.0	0.0	0.0	0.0	0.0	3.6608633821385146e-05	0.0	0.0	0.0	0.0	0.00016702689181006974	0.0	0.0004141351701044195	0.0	0.0015947636108440907	0.0	0.0	0.0	0.0	0.0	0.0	0.0	0.0	0.19256827801932738
fastqc | MantonBM7_HiSeq_3_S18_L006_R1_001	1.305760717911044	0.05297275806195337	0.0	0.008312481795925598	0.0	0.0	0.0	0.0003727483704957343	0.0	0.0	0.0	0.0	2.703874190124497e-05	0.0	0.0	0.00019313387072317838	5.7940161216953515e-05	0.0	0.00046931530585732345	0.0	0.0	0.0	0.0	0.0	0.0	0.16766144451349838
fastqc | MantonBM7_HiSeq_4_S19_L005_R1_001	2.224747851749508	0.09137342995506925	0.0	0.0	0.0	0.0	0.0	2.470476663649391e-05	0.0	0.0	0.0	0.0	0.00022424326639279088	0.0	0.0004180806661560508	0.0	0.001619112398022524	0.0	0.0	0.0	0.0	0.0	0.0	0.0	0.0	0.19386970599655381
fastqc | MantonBM7_HiSeq_4_S19_L006_R1_001	1.3141909627583814	0.05439711224785277	0.0	0.008203109638536316	0.0	0.0	0.0	0.00038794140951476687	0.0	0.0	0.0	0.0	3.380402323572658e-05	0.0	0.0	0.000201214424022182	6.438861568709825e-05	0.0	0.0003959899864756542	0.0	0.0	0.0	0.0	0.0	0.0	0.16850017810695958
fastqc | MantonBM7_HiSeq_5_S20_L005_R1_001	2.209073717546878	0.09137723141700436	0.0	0.0	0.0	0.0	0.0	3.0023733010351358e-05	0.0	0.0	0.0	0.0	0.00020015822006900908	0.0	0.0004403480841518199	0.0	0.0017363725590986536	0.0	0.0	0.0	0.0	0.0	0.0	0.0	0.0	0.1920843378669754
fastqc | MantonBM7_HiSeq_5_S20_L006_R1_001	1.3056064052204304	0.05348922427323529	0.0	0.00827541333237699	0.0	0.0	0.0	0.0004019847269796553	0.0	0.0	0.0	0.0	1.8941688705847635e-05	0.0	0.0	0.00022940489654859912	4.8406537803832836e-05	0.0	0.0004777514818030459	0.0	0.0	0.0	0.0	0.0	0.0	0.16680682463992955
fastqc | MantonBM7_HiSeq_6_S21_L005_R1_001	2.195278640328189	0.08897979668081366	0.0	0.0	0.0	0.0	0.0	4.419225053533063e-05	0.0	0.0	0.0	0.0	0.00022356079682579023	0.0	0.0003639361808791934	0.0	0.0017234977708778943	0.0	0.0	0.0	0.0	0.0	0.0	0.0	0.0	0.19064536880941632
fastqc | MantonBM7_HiSeq_6_S21_L006_R1_001	1.2885533135519747	0.052535708705733535	0.0	0.007708855438597512	0.0	0.0	0.0	0.00040378685203580324	0.0	0.0	0.0	0.0	2.3879867593515245e-05	0.0	0.0	0.00019103894074812196	5.427242634889828e-05	0.0	0.00039944505792789133	0.0	0.0	0.0	0.0	0.0	0.0	0.1642630964846295
fastqc | MantonBM7_HiSeq_7_S22_L005_R1_001	2.20086049198793	0.08997597881616332	0.0	0.0	0.0	0.0	0.0	2.4997185039218087e-05	0.0	0.0	0.0	0.0	0.00015553804024402362	0.0	0.00036940284557955615	0.0	0.0016803663276363267	0.0	0.0	0.0	0.0	0.0	0.0	0.0	0.0	0.1911062570898266
fastqc | MantonBM7_HiSeq_7_S22_L006_R1_001	1.2956768886594807	0.05329655191153717	0.0	0.008035544559013898	0.0	0.0	0.0	0.00043737185208297995	0.0	0.0	0.0	0.0	1.1632230108589892e-05	0.0	0.0	0.00022333881808492593	3.954958236920564e-05	0.0	0.0004862272185390575	0.0	0.0	0.0	0.0	0.0	0.0	0.1644960188576131
fastqc | MantonBM7_HiSeq_8_S23_L005_R1_001	2.209219231855379	0.08981783354217167	0.0	0.0	0.0	0.0	0.0	4.105682092543475e-05	0.0	0.0	0.0	0.0	0.00020769921174043464	0.0	0.0004709458870858692	0.0	0.001678499443716303	0.0	0.0	0.0	0.0	0.0	0.0	0.0	0.0	0.19038772395258072
fastqc | MantonBM7_HiSeq_8_S23_L006_R1_001	1.3000379127034574	0.05249106968263755	0.0	0.008094797545431161	0.0	0.0	0.0	0.00040891035602705795	0.0	0.0	0.0	0.0	2.2378178688047945e-05	0.0	0.0	0.0002542974850914539	8.137519522926526e-05	0.0	0.00038653217733900994	0.0	0.0	0.0	0.0	0.0	0.0	0.16617018303804038
fastqc | MantonBM8_HiSeq_1_S24_L007_R1_001	2.1134032501864386	0.08168194940798623	0.0	0.00020142159332134339	0.0	0.0	0.0	0.0	0.0	0.0	0.0007287799467444969	0.0	0.0	0.0	0.0	0.001082183287753763	0.0003534033410092661	0.0	0.0004394652945192947	0.0	0.0	0.0	0.0	0.005566560397244399	0.0	0.19586601955646196
fastqc | MantonBM8_HiSeq_1_S24_L008_R1_001	1.0195571641417076	0.0028864327875781906	0.013486842641622913	0.0	6.40566792132349e-05	0.0	0.0	0.006922003578011989	0.0	0.0	0.0	0.001842114805253331	0.0	0.0	0.0	0.0017528236766530642	0.0	0.0	6.40566792132349e-05	0.0	0.0	0.0011588435603121588	0.0	0.0	0.0005182767681798097	0.23446685703535286
fastqc | MantonBM8_HiSeq_2_S25_L007_R1_001	2.106120302448075	0.08060511632031411	0.0	0.00020236271420042708	0.0	0.0	0.0	0.0	0.0	0.0	0.0007790964496716443	0.0	0.0	0.0	0.0	0.001046215232416208	0.0003703237669867815	0.0	0.0004269853269629011	0.0	0.0	0.0	0.0	0.0052067926363769884	0.0	0.19293261171868717
fastqc | MantonBM8_HiSeq_2_S25_L008_R1_001	1.0186012404408427	0.0028300746467107363	0.013265034771560649	0.0	8.165743096052239e-05	0.0	0.0	0.00694947715069288	0.0	0.0	0.0	0.0018179522787526827	0.0	0.0	0.0	0.0017298482085058033	0.0	0.0	7.521079167416536e-05	0.0	0.0	0.0011281618751124804	0.0	0.0	0.0005673042571994187	0.23201239903622742
fastqc | MantonBM8_HiSeq_3_S26_L007_R1_001	2.1099220980600317	0.08128414143403916	0.0	0.00021201190552855496	0.0	0.0	0.0	0.0	0.0	0.0	0.0007807746136291976	0.0	0.0	0.0	0.0	0.0011477182962747734	0.00035471222655739	0.0	0.0003730594106896688	0.0	0.0	0.0	0.0	0.005522502423815917	0.0	0.1945983892110077
fastqc | MantonBM8_HiSeq_3_S26_L008_R1_001	1.020987874227843	0.0029092595458591773	0.013750307013402817	0.0	8.43577117386676e-05	0.0	0.0	0.006960592727564932	0.0	0.0	0.0	0.0018299134392541741	0.0	0.0	0.0	0.0017152734720195745	0.0	0.0	5.623847449244506e-05	0.0	0.0	0.0011312585445980294	0.0	0.0	0.0005775258726724167	0.23460312238173398
fastqc | MantonBM8_HiSeq_4_S27_L007_R1_001	2.1279914960965987	0.081699725025344	0.0	0.000228923757389282	0.0	0.0	0.0	0.0	0.0	0.0	0.0007593568537790818	0.0	0.0	0.0	0.0	0.001014336973798038	0.0003703725830932286	0.0	0.00044481933346372684	0.0	0.0	0.0	0.0	0.005471836152231619	0.0	0.1969656286239864
fastqc | MantonBM8_HiSeq_4_S27_L008_R1_001	1.0250404396250845	0.0029783829673369487	0.013901090344243947	0.0	7.68233701892467e-05	0.0	0.0	0.007034262947328204	0.0	0.0	0.0	0.0017748168343720836	0.0	0.0	0.0	0.0017807263243866413	0.0	0.0	5.318541013101694e-05	0.0	0.0	0.0010971953127028309	0.0	0.0	0.0005732205314120714	0.23583986716096791
fastqc | MantonBM8_HiSeq_5_S28_L007_R1_001	2.1178724313292547	0.08168398874324724	0.0	0.00021636302332905515	0.0	0.0	0.0	0.0	0.0	0.0	0.0007185634352763117	0.0	0.0	0.0	0.0	0.0011036499171647217	0.0004148612098694727	0.0	0.00042280113733108947	0.0	0.0	0.0	0.0	0.005401135655764762	0.0	0.19386325388469883
fastqc | MantonBM8_HiSeq_5_S28_L008_R1_001	1.0250185732721426	0.0027782559043936475	0.013710271940318349	0.0	6.735165828833085e-05	0.0	0.0	0.007301340706319366	0.0	0.0	0.0	0.0018437516456430568	0.0	0.0	0.0	0.0017953426412483193	0.0	0.0	6.314217964531017e-05	0.0	0.0	0.0010713123146487626	0.0	0.0	0.0006566786683112258	0.23481734714362248
fastqc | MantonBM8_HiSeq_6_S29_L007_R1_001	2.1180775511402556	0.08140950422665426	0.0	0.00020296801481179387	0.0	0.0	0.0	0.0	0.0	0.0	0.0007712784562848167	0.0	0.0	0.0	0.0	0.0010573667057338213	0.00039240482863613476	0.0	0.0003672754553737222	0.0	0.0	0.0	0.0	0.005547792404855699	0.0	0.19580614343200625
fastqc | MantonBM8_HiSeq_6_S29_L008_R1_001	1.0194953681581123	0.0029634764347225098	0.013796059499223754	0.0	5.742376482507286e-05	0.0	0.0	0.007106190897102765	0.0	0.0	0.0	0.001921645272896188	0.0	0.0	0.0	0.0017350180372147012	0.0	0.0	5.742376482507286e-05	0.0	0.0	0.0010520854055450848	0.0	0.0	0.0005455257658381922	0.23401824845212194
fastqc | MantonBM8_HiSeq_7_S30_L007_R1_001	2.1176874667896883	0.08219451813805081	0.0	0.00024094543132123551	0.0	0.0	0.0	0.0	0.0	0.0	0.0007409072013127993	0.0	0.0	0.0	0.0	0.0010139786901435328	0.00043570965497256755	0.0	0.0003855126901139768	0.0	0.0	0.0	0.0	0.005308831003444555	0.0	0.19542079995168243
fastqc | MantonBM8_HiSeq_7_S30_L008_R1_001	1.0239515037175861	0.002778915149400628	0.013856275231927171	0.0	6.808980457949471e-05	0.0	0.0	0.007130279223308961	0.0	0.0	0.0	0.0017979964021772822	0.0	0.0	0.0	0.0018639584003636678	0.0	0.0	5.7450772613948656e-05	0.0	0.0	0.0011213539691685534	0.0	0.0	0.0005766355325325957	0.2335586687396324
fastqc | MantonBM8_HiSeq_8_S31_L007_R1_001	2.1177333442828137	0.08150607979339462	0.0	0.00020795753489438946	0.0	0.0	0.0	0.0	0.0	0.0	0.0006437834324922056	0.0	0.0	0.0	0.0	0.001035363046069939	0.000340696386954638	0.0	0.00036945647156769185	0.0	0.0	0.0	0.0	0.005382560451043079	0.0	0.19586060084329876
fastqc | MantonBM8_HiSeq_8_S31_L008_R1_001	1.0250750081062738	0.0028880176663160927	0.013527465364726718	0.0	6.569008501775029e-05	0.0	0.0	0.0072775229901807644	0.0	0.0	0.0	0.0018651291996111242	0.0	0.0	0.0	0.0016844814658123109	0.0	0.0	4.2229340368553754e-05	0.0	0.0	0.0011894597537142639	0.0	0.0	0.0005231746056770825	0.2349640498106331
