Sample	1	2	3	4	5	6	7	8	9	10	11	12	13	14	15	16	17	18	19	20	21	22	23	24	25	26
fastqc | MantonBM1_HiSeq_1_S1_L007_R1_001	31.192048988767777	31.61545776290796	35.52691051575675	36.13678671281129	36.326705920548285	39.76247732321448	39.87622694935511	39.99644178089647	40.01326138476855	40.1099084918125	40.068453992477544	40.09971569658877	40.029320194648065	40.06609650502206	40.03819843488629	40.03691524853709	40.02683085933712	40.03172376910317	39.95458566343381	39.935523570522776	40.00007293456899	39.99849964310459	39.91204009322002	39.960920534640266	39.96411818371732	39.69248381781678
fastqc | MantonBM1_HiSeq_1_S1_L008_R1_001	31.504170028911282	31.57599728784778	35.48855560198729	36.02849063275866	36.25484318936595	39.66489138501049	39.7973931090825	39.90310189417137	39.91293059984754	39.9869288345067	39.95365615253951	40.00658564776001	39.95409249671572	39.979603730108515	39.927403152608846	39.887839231971554	39.9154600431283	39.940710690962355	39.860400676025144	39.83296486308461	39.90755591699986	39.897418757218695	39.83060325876524	39.85973785855882	39.796377000708276	39.6425149742341
fastqc | MantonBM1_HiSeq_2_S2_L007_R1_001	31.176117290750916	31.599029361760422	35.44524048458037	36.082814515755786	36.29826455605907	39.70525029464638	39.829096416546506	39.94011088427913	39.996156837957194	40.07898202821202	40.04157938921	40.07456057014876	39.98696192518981	40.03472354114945	40.026040319556635	39.9971696666507	39.998746934656474	40.003596722099005	39.912105671417734	39.89273943132956	39.966930764514466	39.96315972583214	39.863232457437654	39.92309885460209	39.92503873332608	39.6366460949601
fastqc | MantonBM1_HiSeq_2_S2_L008_R1_001	31.485134361227445	31.562760327578804	35.42449080078402	35.98365552246998	36.22922245246522	39.61549572610119	39.76005472293589	39.85288572745651	39.903959097545815	39.957543858761625	39.93223493301278	39.984760794247705	39.91650344848083	39.9535975977723	39.92232456337265	39.8521274431877	39.89460145864595	39.91974700812329	39.82393246327196	39.79636474622086	39.880794403682934	39.86807529430809	39.78991638954248	39.827383831798535	39.76759334379228	39.59403778837725
fastqc | MantonBM1_HiSeq_3_S3_L007_R1_001	31.17429182446238	31.601662515128858	35.4967416777906	36.08945413380364	36.29867236175194	39.70981769439361	39.81894323717731	39.938931086354756	39.971249926083644	40.07443593570424	40.03954579211242	40.07463968177586	39.99239056159629	40.03265962179245	40.019036281893804	39.99142369202792	39.98620567997326	39.98538003101206	39.912537032067334	39.89730468729925	39.9587307355093	39.95650610467311	39.87422448262768	39.91831785455671	39.917422976621225	39.64849548964498
fastqc | MantonBM1_HiSeq_3_S3_L008_R1_001	31.479857568859277	31.563962371007822	35.46656104154571	35.98455937239865	36.22874690841878	39.61639244449985	39.74935855291585	39.85136326205487	39.877423322178345	39.95463971758274	39.92923520257571	39.98564206701205	39.92205907389303	39.95388019077716	39.91667892636839	39.847666804031014	39.88120712053757	39.902024875803995	39.823839405324975	39.80108628417697	39.87318990742374	39.861920219893754	39.79941947162181	39.82250959624628	39.76250590773412	39.60696157301529
fastqc | MantonBM1_HiSeq_4_S4_L007_R1_001	31.210874548387682	31.62835395144617	35.587526321259396	36.17801191452348	36.34532877342851	39.81832921316067	39.908854977241006	40.02978730241841	40.005520154509426	40.090403967290435	40.06788054217346	40.08139835464461	40.020015603713745	40.046538504669535	40.02005158401544	39.98879578280115	40.00121881162669	39.997853575321706	39.944168527758244	39.927248073717955	39.978260772964504	39.97259099739853	39.908465924994964	39.93993072695078	39.93861184921145	39.68976728282105
fastqc | MantonBM1_HiSeq_4_S4_L008_R1_001	31.515826274486443	31.588484701478873	35.54189587977518	36.06722963239823	36.27046701476672	39.714369320000934	39.82580199963944	39.93190182019308	39.907652376552235	39.967213573072954	39.95408154805137	39.98963157778097	39.94677528198321	39.96230881858534	39.91138091415008	39.84168709675848	39.89129815223848	39.911838783706706	39.84941897227548	39.82705426943862	39.88686401810527	39.872207064468505	39.82691259609072	39.837824371257966	39.77647845598487	39.640320682760624
fastqc | MantonBM1_HiSeq_5_S5_L007_R1_001	31.203853822785327	31.631893082663026	35.58046562960434	36.15850064170942	36.319376092644134	39.7563959411011	39.87229227213143	40.00178269286838	40.01895142682725	40.10304518575625	40.07707042052606	40.092142786540556	40.033189960648734	40.066792422453716	40.050240905715995	40.02014863860816	40.032276145169064	40.02997783871443	39.95907561266726	39.940104862975254	40.00105406484407	39.99525355344825	39.91661388312684	39.96216445918225	39.96473868654413	39.703239803181106
fastqc | MantonBM1_HiSeq_5_S5_L008_R1_001	31.51285291285317	31.59108638412464	35.536070782393125	36.047913167927135	36.24331544994073	39.65335022255574	39.791232637183164	39.90516266579854	39.920803268557215	39.97897022784194	39.960703047198336	39.999201960482665	39.95592633213149	39.98027748781147	39.9405472349576	39.87126106321001	39.92274961752196	39.94090054170366	39.862797260520445	39.8379495139701	39.90735658672171	39.89435449474849	39.83390572551285	39.85866599389879	39.79825529204488	39.65134485217887
fastqc | MantonBM1_HiSeq_6_S6_L007_R1_001	31.20725160879221	31.634389859135325	35.59622011296721	36.168554410796865	36.34522171857258	39.79154157757883	39.86815614017183	39.99657910731163	40.02308327701916	40.102022844701075	40.07036508822091	40.08602568535667	40.032971744087334	40.066175714495195	40.049408486707115	40.03017991326508	40.04318764978642	40.038250174755	39.9764659637236	39.95781565514544	40.01297908303554	40.00776131053059	39.93734209015073	39.9756431260456	39.978644430364454	39.72837617873939
fastqc | MantonBM1_HiSeq_6_S6_L008_R1_001	31.519696911644907	31.59261362554021	35.54738165350601	36.05544088096525	36.267656472605175	39.68552425796483	39.78387157703656	39.89817203626581	39.922144270959166	39.97554482498782	39.951860936173475	39.99136357424265	39.954685254330215	39.97790203012804	39.93735256465158	39.880771503428804	39.93111509622543	39.94788428079667	39.878354592987634	39.854450085197556	39.916104469429214	39.90356182228152	39.85067448472291	39.870924330564485	39.8088304189922	39.6725865925743
fastqc | MantonBM1_HiSeq_7_S7_L007_R1_001	31.20027278510052	31.63399586597691	35.567966782400724	36.167487777540956	36.33820516932165	39.79681581951065	39.89434709194118	40.00894945283621	40.03312865735881	40.10630455121016	40.073446288575525	40.0954096806258	40.031101269621836	40.05906344390816	40.047650475850894	40.00728943606374	40.02975910650388	40.0279268996354	39.96334816030661	39.946652975122156	40.003389088861574	39.99779922697885	39.92415999851266	39.9654665317432	39.968110719576316	39.71438591563698
fastqc | MantonBM1_HiSeq_7_S7_L008_R1_001	31.511278006092493	31.592456037203874	35.52120957965622	36.05390571368101	36.262267758526235	39.687767352635646	39.8105724823142	39.91084016427065	39.93307847569404	39.98191569418471	39.95637861918388	40.00144354226791	39.95240823957805	39.971327808197216	39.935733435430976	39.855493013214364	39.91808743037313	39.93747411262428	39.86547613939434	39.84308365321231	39.90807221320713	39.893872469489885	39.83893989601589	39.8609813654718	39.799845017790744	39.66059356833493
fastqc | MantonBM1_HiSeq_8_S8_L007_R1_001	31.203099836340144	31.622950293695553	35.54887200485658	36.16634042035792	36.32883280761759	39.76517639680962	39.87924764215337	40.00398657934783	40.02806301967226	40.11700039377893	40.06340277312105	40.07578061795724	40.02724905206126	40.06096657868901	40.03538765364875	40.00957298843757	40.02333344156909	40.024800416672974	39.95582985392303	39.9383623987762	40.00066924285684	39.99651661619824	39.91760865076604	39.96231061834104	39.96698057723283	39.70657603427243
fastqc | MantonBM1_HiSeq_8_S8_L008_R1_001	31.514116435018376	31.583674440436866	35.50603659292419	36.0555226564813	36.25351716859203	39.6616281921521	39.79668765403114	39.907051649005844	39.92764836634126	39.99270823908893	39.945941574202514	39.98167807832096	39.949538684673605	39.973664347616925	39.923605913257504	39.85813912220606	39.91117164679992	39.933764983805496	39.85870434935855	39.83613179071567	39.90603363105038	39.893869796549374	39.833919069112646	39.85941612139562	39.79776567516462	39.65299685333102
fastqc | MantonBM2_HiSeq_1_S9_L005_R1_001	31.53007314921617	31.651000018044332	35.660165012087546	36.19451903224921	36.3796239529933	39.836861880894965	39.974664133727835	40.0490210480281	40.07757467662385	40.164738976214714	40.12462300165385	40.159038376457914	40.106706898089726	40.138920101146894	40.12703557970391	40.020684264548066	40.07881781757603	40.09126186987265	40.0325312686547	40.0025000010764	40.025571401558054	40.06512083889782	39.96834981140933	40.045713807738	39.99683997170993	39.88426410576499
fastqc | MantonBM2_HiSeq_1_S9_L006_R1_001	31.4610173922163	31.565424437758914	35.4498702093927	36.019160308699675	36.223127809676335	39.609828461748315	39.75926255347417	39.860777023374546	39.843985239015666	39.9563664102765	39.91335861324986	39.93086684968894	39.88828969538895	39.90945508105671	39.899183824729285	39.86445177595317	39.87787501225149	39.880575549411525	39.80849294290012	39.79290334373501	39.83483390525395	39.83572577279825	39.79092290293221	39.84127911822647	39.83066896544537	39.656014856886365
fastqc | MantonBM2_HiSeq_2_S10_L005_R1_001	31.550444953536278	31.66461272797711	35.735477968705524	36.22163773670667	36.39746674818684	39.87162977784592	39.99704077360506	40.08683531975929	40.0818422236203	40.16866451869145	40.13750101156973	40.16467815331452	40.1158235487017	40.14259376813698	40.12563163915148	40.010848064356246	40.07762179338432	40.08866929935579	40.04739016388318	40.021103272510686	40.02946850353527	40.06813664619525	39.99058932642506	40.04945843260489	39.99850616315304	39.90674839109305
fastqc | MantonBM2_HiSeq_2_S10_L006_R1_001	31.478863984617327	31.575151737246703	35.51243710087171	36.041511887867834	36.23979387667108	39.639263205964895	39.775747172459624	39.89350511521939	39.84747455193864	39.959623970628826	39.92272217444616	39.938022049046715	39.8954111482672	39.91266204750501	39.897912895604016	39.85411282902551	39.875477290806366	39.87717942860832	39.81991147103377	39.80738331216315	39.83654817662061	39.83824620370736	39.80935519208033	39.843268536016296	39.83174927488304	39.6768397628502
fastqc | MantonBM2_HiSeq_3_S11_L005_R1_001	31.539731442708526	31.64145432215895	35.66772167858696	36.216617918770226	36.39306127517594	39.873897205351064	39.966832939932544	40.07969270343687	40.08987328083785	40.17754274549961	40.14669442848337	40.185117360920216	40.12647919669026	40.15462831321202	40.13718313532342	40.02715838361541	40.08542516592713	40.101378616916065	40.04224715859693	40.01489575928763	40.0360629386232	40.075936043488774	39.97926757047105	40.055839436668585	40.008251760352614	39.89799272432308
fastqc | MantonBM2_HiSeq_3_S11_L006_R1_001	31.47216424714392	31.556159655123665	35.459742348172384	36.04215959788825	36.236911403071545	39.64827728330139	39.75599134711349	39.89311986825945	39.85821124038368	39.96966000272054	39.938099334420805	39.96220449511021	39.91045008435006	39.9260068219385	39.91182197859001	39.871597440980075	39.88615212966166	39.891166646368966	39.81975670891612	39.80642144276588	39.847511846452875	39.84924804585637	39.80406296917701	39.85354983145497	39.84550724144053	39.673830730146165
fastqc | MantonBM2_HiSeq_4_S12_L005_R1_001	31.534322637758027	31.64376644165978	35.67041502245846	36.19371660514268	36.386998252298596	39.85556879192939	39.956437541306585	40.06736048986579	40.0889369751019	40.16886493289316	40.136841715524724	40.17090614477999	40.11054678113121	40.14090176571269	40.12127104524619	40.020836203366166	40.077612383820224	40.09499522239169	40.034715327360296	40.008731208883354	40.02846705202926	40.069828163674316	39.97157111575984	40.04765177515328	40.000348191231055	39.89135838313652
fastqc | MantonBM2_HiSeq_4_S12_L006_R1_001	31.466392178132796	31.55822254887492	35.458171222276455	36.01991337218992	36.23266859291579	39.630900976305384	39.74619838067312	39.88004044127155	39.85429908112729	39.95981719146845	39.925224508117765	39.94372956388671	39.891786338228705	39.91051599661652	39.89329367580426	39.86509704703157	39.87596075370239	39.88273839272966	39.81099879624596	39.79862305194479	39.83681607727546	39.84032787822306	39.79543857481378	39.84371321769612	39.83506739688585	39.664158744090955
fastqc | MantonBM2_HiSeq_5_S13_L005_R1_001	31.53818048308016	31.635366825466935	35.665802450862216	36.19771372127456	36.38009378355141	39.82702516672115	39.96331661402289	40.07071391434333	40.08763131807156	40.1698195805711	40.13290940340943	40.17662543110216	40.1217744111394	40.146360230612274	40.12967604698014	40.02095333338727	40.082848711463164	40.09751463651656	40.04105860437966	40.009563215722075	40.02990284823609	40.0692255290029	39.97602786461471	40.050258292851055	40.00204707957378	39.892482144999114
fastqc | MantonBM2_HiSeq_5_S13_L006_R1_001	31.46746620900156	31.550014956801625	35.45270335472316	36.017957545320314	36.22342776229927	39.60125250845444	39.74559610457924	39.87956850147598	39.85325913508611	39.96013797864001	39.91970003005235	39.94920949113759	39.9020774199687	39.91491792452827	39.89995540890559	39.862704684825154	39.880712122662054	39.88463282010431	39.813737689938876	39.79707727702746	39.83763423378038	39.837543649562555	39.7952779517028	39.842951775642355	39.83409960547123	39.663187924791515
fastqc | MantonBM2_HiSeq_6_S14_L005_R1_001	31.53114320248708	31.633528250227027	35.64868034749804	36.18855559165138	36.37977005806884	39.83535386910205	39.96083550694335	40.04517361560242	40.08244405026182	40.16463706817623	40.13924417943335	40.16952021060084	40.111706855690045	40.13944666989281	40.12097484217035	40.01435464501563	40.07229543289099	40.08904240104487	40.03301569698711	40.0024323907929	40.02404030695085	40.063380993441434	39.97116238586456	40.04481322529202	39.995795721006516	39.886094114397814
fastqc | MantonBM2_HiSeq_6_S14_L006_R1_001	31.461292415066612	31.545317866861215	35.43879761950021	36.0136206424886	36.224616852331415	39.60802009985128	39.74226996855923	39.854006726122485	39.84582725155192	39.95156759094177	39.92534915074458	39.940066429361956	39.89037788905444	39.90588571108336	39.88856351576209	39.85446235349635	39.867427812723726	39.87408762333189	39.80460649198956	39.7886590960817	39.82977818959046	39.83132822749495	39.78963790320633	39.8363355679555	39.82670615266976	39.654499181673096
fastqc | MantonBM2_HiSeq_7_S15_L005_R1_001	31.53854438935236	31.647118938727406	35.69945178784001	36.196444699327095	36.38402000582621	39.84167255170965	39.93032718579867	40.056214561192476	40.088158174750504	40.179635051113685	40.13225938444582	40.17832730743828	40.116348272237225	40.150081620531914	40.12592456269706	40.022039547370994	40.07754106707051	40.0939932810617	40.03453873923962	40.005945990480875	40.027495531777554	40.06754348748659	39.972108388082454	40.04881944456313	40.00159937817643	39.8912827421387
fastqc | MantonBM2_HiSeq_7_S15_L006_R1_001	31.469771225984367	31.561068014283084	35.48221311645676	36.02006413014721	36.22851978081865	39.61738679123457	39.721193360983115	39.86804691047124	39.85534330580629	39.97201022685724	39.92101092179883	39.9514722692584	39.89776054427839	39.91900374162728	39.89708360444747	39.864457753610075	39.87517568732328	39.88276924269977	39.808435429121985	39.7946979725166	39.83540816691462	39.83646304760083	39.793187858722895	39.84300957003326	39.833859999579424	39.6624347690468
fastqc | MantonBM2_HiSeq_8_S16_L005_R1_001	31.531125917523866	31.639958025199228	35.6854499314485	36.196770413623234	36.39367499395178	39.860697905024615	39.947588264717865	40.05958092652391	40.09403312808194	40.16491386445746	40.14617693674336	40.16961507986432	40.105956528360316	40.14413723671171	40.122672986110786	40.013695598969655	40.07346862277877	40.08907180751471	40.03423157350845	40.00365195633029	40.02523223450506	40.06308348001807	39.96742089951898	40.03852716391333	39.98988017670658	39.88079646947785
fastqc | MantonBM2_HiSeq_8_S16_L006_R1_001	31.459853711539935	31.55270018783643	35.46888231176024	36.020843738210985	36.23650416528705	39.63388037969855	39.73189472912511	39.86667383703914	39.85992972793822	39.95504630637796	39.93472022967057	39.94311448906394	39.88384434696918	39.91232839035829	39.890827582365034	39.85396666291267	39.86951210277684	39.874882567064084	39.80641989894116	39.79026863494999	39.83133525518608	39.82952115898942	39.786779127367275	39.83158479138275	39.821641044240955	39.65135876548694
fastqc | MantonBM3_HiSeq_1_S17_L003_R1_001	31.519965766127843	31.649304108050117	35.61000705877768	36.185803092455664	36.356275518001155	39.841526278733674	39.94719539545804	40.067449496186924	40.08869197119839	40.18615045135027	40.09254752587988	40.16927045580554	40.05584522628439	40.144063261886686	40.155800233756125	40.10215317802035	40.1124902813667	40.113488517871886	40.043741610930994	40.00072408998186	39.92340095674828	40.03547239355597	39.99596312292132	40.07680959243466	40.0606398368651	39.900171841867675
fastqc | MantonBM3_HiSeq_1_S17_L004_R1_001	31.469269400009086	31.60107204888164	35.51519975218554	36.10659893629768	36.270659294537296	39.69886699662994	39.79864721154543	39.934142445052	39.94401893977618	40.04159824882082	40.01123544318663	40.02360141882313	39.98768488381718	39.985389771712335	39.998384102737404	39.95518990078429	39.96421486952888	39.96905057178169	39.89726509484375	39.803834164902376	39.91703996903626	39.87830168544425	39.77842061625134	39.89779957063631	39.90811512443715	39.632503114397
fastqc | MantonBM3_HiSeq_2_S18_L003_R1_001	31.514825326952973	31.644731105748544	35.60897064437619	36.176166588499605	36.37273485673488	39.83552708301445	39.94359271030445	40.05259041846522	40.063189897426064	40.163228292637854	40.069852028080255	40.153983177347676	40.04959121682751	40.122534465994235	40.13047382143478	40.073939601686135	40.10258295882407	40.10309469278797	40.04073453202109	39.99979613755785	39.91403838643574	40.02447304346389	39.992509474905795	40.06643921644342	40.04904806977268	39.8995290746612
fastqc | MantonBM3_HiSeq_2_S18_L004_R1_001	31.46488514842204	31.59837347676857	35.51764598605682	36.09699577218973	36.28521879563527	39.69228306763137	39.79511288328073	39.919357306391454	39.917972379019986	40.01803456126281	39.98670975801768	40.008180395585796	39.98012259873016	39.96255640832032	39.9719181823574	39.92585147308614	39.95401198950464	39.95960679089309	39.89474557495644	39.80168929461131	39.9074470938028	39.86739493571997	39.77372264153435	39.887788418285815	39.897849320017876	39.632805294992714
fastqc | MantonBM3_HiSeq_3_S19_L003_R1_001	31.520054035506725	31.657847143043064	35.63604921468192	36.19162814986593	36.375534381435706	39.86837030835219	39.92724503428063	40.057858303404224	40.077833457682026	40.16867204747451	40.075600803233066	40.15721595675471	40.047063701518454	40.13557480836119	40.12707004549421	40.09013281612137	40.100369290783426	40.10250074873942	40.03688282852531	39.99838531370703	39.915154564179254	40.027331568016734	39.992711432669246	40.06816324307942	40.051535960624996	39.89900773763814
fastqc | MantonBM3_HiSeq_3_S19_L004_R1_001	31.468184802060804	31.60950819298193	35.53703059238769	36.10868017802525	36.287077221448	39.7224591390553	39.77843125487723	39.92561510790865	39.93317962553684	40.025280631684886	39.99495149258769	40.011779404510435	39.978915809175575	39.97730749452361	39.969057603415266	39.94207314896984	39.95232704226362	39.95947306213582	39.89146300655181	39.802870953571265	39.908892285939636	39.87064842635068	39.77570768327432	39.890885496717424	39.90078367855648	39.63278237852897
fastqc | MantonBM3_HiSeq_4_S20_L003_R1_001	31.496611400033583	31.646585604362556	35.57763663223087	36.14982782585849	36.3566343594858	39.82117652040033	39.93285077980067	40.04361022813581	40.07113342611461	40.1716651736401	40.07409675276147	40.159634559877134	40.04747501125932	40.13409005951709	40.137362006210104	40.08735234914607	40.10408403907718	40.108028645229915	40.030421854196895	39.98727423712819	39.91497770030215	40.027444230455245	39.98001454649644	40.06743189957349	40.05356663214677	39.888209696330286
fastqc | MantonBM3_HiSeq_4_S20_L004_R1_001	31.450109444798837	31.598289417589356	35.48823240775499	36.070903844392156	36.272580165608474	39.68011897766035	39.789825968224136	39.914527694590916	39.925746829567835	40.026573018582575	39.994279806689654	40.01317264084268	39.97763841586282	39.973957112465804	39.97826106166396	39.9387714468061	39.956502437049124	39.96349558418018	39.88433572017809	39.79110305600971	39.908336459804346	39.869314136655326	39.7638173357371	39.888632185209374	39.90065369356775	39.62132385445413
fastqc | MantonBM3_HiSeq_5_S21_L003_R1_001	31.511728027830397	31.63130657101871	35.55007087555388	36.165299263345425	36.36048944180123	39.81698039001489	39.922474398335794	40.05186550715707	40.069878936662924	40.17785102581167	40.06964117020084	40.16385966333646	40.03683570149319	40.12731286775649	40.13561209699013	40.068584382286325	40.092970035762434	40.099318722038284	40.021041532252355	39.98030160272131	39.90816654700574	40.01886291261075	39.969352002757695	40.05867290565462	40.044105650493535	39.877262758432266
fastqc | MantonBM3_HiSeq_5_S21_L004_R1_001	31.46184565907882	31.582426551009746	35.46472942894801	36.0903138362678	36.277202950648835	39.67704863597288	39.778831354079735	39.9243658325771	39.92650812439939	40.034638599298304	39.990993089744705	40.02082611144453	39.968786584198064	39.96880198462292	39.97985156772193	39.92215097330786	39.94675470414947	39.957450258895456	39.87737169818368	39.78588841735055	39.90309667671128	39.86075717962667	39.75324084706288	39.88167269013432	39.89306348133739	39.61049920739214
fastqc | MantonBM3_HiSeq_6_S22_L003_R1_001	31.523564739107115	31.652099754817232	35.64707179290467	36.20343064518664	36.37985311732059	39.858934185858494	39.98314181169041	40.08365174233435	40.0905646137905	40.1732781893703	40.08773301655017	40.15399281802103	40.04830213615614	40.123883517838664	40.13645390926872	40.08799308892822	40.10846553403756	40.10629638496089	40.05015927918118	40.00642146651585	39.91757957054158	40.02866435773618	40.00145405103956	40.070821664172335	40.05331463549686	39.908343658854385
fastqc | MantonBM3_HiSeq_6_S22_L004_R1_001	31.47169267125241	31.601535850877482	35.54462455827152	36.12047355693452	36.2911600124241	39.71162682532991	39.82879971749336	39.94565786212404	39.94243954797445	40.02700047428222	40.00515021415385	40.007951530058634	39.9780813959279	39.96469171921086	39.97833455729695	39.93893982336381	39.95894334330283	39.96159174479024	39.901058439258094	39.80887291014425	39.91054164765796	39.870986436094356	39.780777930882095	39.89257701281018	39.90154551018106	39.639099442520475
fastqc | MantonBM3_HiSeq_7_S23_L003_R1_001	31.525627534897133	31.66118668866778	35.653848686629054	36.19542150185134	36.37926108624404	39.87234461030737	39.968503092351526	40.101109584793086	40.07913255340469	40.17358398816516	40.08140716884773	40.15044953821264	40.0506896527442	40.13169805463213	40.11621089970735	40.07915154810567	40.092357451618156	40.09200718608502	40.03915595260343	39.99995663282478	39.9067157855564	40.01668110176003	39.996313465410495	40.06030862208644	40.04006315251034	39.89795559586834
fastqc | MantonBM3_HiSeq_7_S23_L004_R1_001	31.473252798956405	31.61256206588145	35.553010848608494	36.11171483202299	36.28895439504521	39.71916415862866	39.80835731908187	39.96263586922314	39.93089350327649	40.027371699278184	39.999129154939425	40.00597797982292	39.98137075058293	39.97008091800879	39.95577644830643	39.927930839253335	39.94266004788225	39.94773309581873	39.89158817483569	39.80057847335725	39.89854197488298	39.8583212498783	39.77389774928651	39.88256348518069	39.88899884584241	39.62671116358434
fastqc | MantonBM3_HiSeq_8_S24_L003_R1_001	31.5144790920257	31.65646880485631	35.6428625119772	36.167477212569736	36.36086647993333	39.85122986825407	39.95776260711607	40.08084558380826	40.07525103073706	40.176032866997716	40.08069428693387	40.159550840020046	40.040732455600306	40.12984672938483	40.13060672045068	40.080957647187866	40.098238691341045	40.09884419934288	40.036741536278456	39.993625245239976	39.90919331277996	40.0208783842165	39.98796272640776	40.06051333888861	40.04282308617985	39.89305222694576
fastqc | MantonBM3_HiSeq_8_S24_L004_R1_001	31.46279470822676	31.603464467995735	35.53993406952309	36.08650432465078	36.27356150792164	39.70136279642855	39.80075025203911	39.94469285875314	39.92612958944994	40.02873956110939	39.99817222321558	40.012321239152655	39.9689943097715	39.96819177274268	39.969367805381715	39.929844305298865	39.9471553562913	39.952231144251044	39.887133434878265	39.79388153329848	39.89850250298804	39.859944540907	39.765676390799605	39.87946589548305	39.88903428037538	39.62166235377441
fastqc | MantonBM4_HiSeq_1_S25_L001_R1_001	31.35229185075639	31.62869900900526	35.62915365715474	36.185747942118475	36.35324847108661	39.8387830705668	39.893081450514494	40.03563235110362	40.03619394474987	40.100149558215485	40.08698987590201	40.12630003591565	40.06572946157323	40.09164490902283	40.06871742984792	40.02164275421384	40.03470676638253	40.05690353785502	40.009327620098965	39.986378709643525	40.047860640672965	40.01032898491948	39.94996543901824	40.03061300243739	40.01811431532639	39.85866372250732
fastqc | MantonBM4_HiSeq_1_S25_L002_R1_001	31.516588128536753	31.61752452571127	35.620346208305435	36.10252112323357	36.311497279968535	39.77838245330578	39.87633352428118	39.94243266278084	39.97356270527362	40.066998723715436	40.0505503675476	40.08944738948196	40.01845681319792	40.053404897888306	40.037598684582484	39.99517341461104	40.013451755603775	40.001829885636944	39.932984116767244	39.91428219358541	39.959896902049174	39.9531995159892	39.89325608156107	39.94581179824931	39.947887438591906	39.77586888158233
fastqc | MantonBM4_HiSeq_2_S26_L001_R1_001	31.244664514543935	31.610941134706948	35.57529928303234	36.16007373546949	36.34947502683817	39.794001384797355	39.866240284677076	39.986496980676044	40.03059636103387	40.09935041883705	40.087920717737525	40.115268954354434	40.05836250801343	40.0669576420237	40.04405708558608	39.99797258823568	40.012674060806575	40.02095547215935	39.96890296391305	39.93391336414991	39.98450830902176	39.92821929031274	39.87588619189756	39.94146445409568	39.915365538505114	39.74209265976612
fastqc | MantonBM4_HiSeq_2_S26_L002_R1_001	31.385426077509965	31.596064426696653	35.55386513446718	36.072423129663854	36.30477662482238	39.73093282197219	39.84913242505259	39.884372590890095	39.97113014653478	40.06744046053685	40.050624241524346	40.077121481443406	40.01159978235563	40.02913537196484	40.006617377143336	39.96833738076993	39.98543952091928	39.954704967918325	39.88023256083061	39.84148669409025	39.8722779887539	39.842368798557516	39.79710482720712	39.82878967617624	39.81295229652287	39.61195400055926
fastqc | MantonBM4_HiSeq_3_S27_L001_R1_001	31.33638353444314	31.62546259762133	35.579239641405934	36.16400515363457	36.33496920889115	39.78441037268071	39.880660100666844	40.0011335819574	40.02645478916072	40.10732354585389	40.0762003043624	40.11882762105125	40.05250253308621	40.07633673724865	40.06295299538063	40.003418132042334	40.024326091709504	40.05444481928221	39.997972963094746	39.97695310171291	40.04363708859586	40.00659434166452	39.93444891721534	40.02283698180923	40.01315246366794	39.84806834153561
fastqc | MantonBM4_HiSeq_3_S27_L002_R1_001	31.50270152809069	31.61468493216228	35.57530767060439	36.08470667577524	36.29366180897291	39.72729281006388	39.8672038647886	39.91051567222358	39.96762966138671	40.07555759304356	40.04124696164717	40.08304303875915	40.007379841475924	40.04105844232038	40.03376155390506	39.97921343258587	40.003219866052355	39.99877824134955	39.92449086111315	39.90625916822136	39.95749233790167	39.95013636275607	39.88058034485233	39.94060568455357	39.94494592007267	39.76795765729469
fastqc | MantonBM4_HiSeq_4_S28_L001_R1_001	31.346920338822024	31.640768276805293	35.65197438886756	36.20955486367159	36.36318985862097	39.826520036160204	39.91115552907882	40.0562340248866	40.04754695040206	40.10651546486198	40.08286821487446	40.11733981956985	40.07051876016988	40.08263863165759	40.052360355217814	40.006253663889815	40.03688950846325	40.05717745809021	40.01306975395918	39.99305261998738	40.04823168042588	40.00921411008339	39.953082112257064	40.02861488341671	40.01648089857274	39.863281720491734
fastqc | MantonBM4_HiSeq_4_S28_L002_R1_001	31.512852175249787	31.629508943987513	35.64357128824302	36.12395579951712	36.32250983270955	39.76542142446477	39.89345662528026	39.964429944804216	39.98646802895855	40.07477353822989	40.04614744515403	40.07976904541722	40.02435561294575	40.046119361043736	40.02284423080045	39.980000796453574	40.01459035869914	40.00174447657511	39.938560977928525	39.92082070247095	39.960650236344186	39.95315752840001	39.897707848261255	39.94466190075875	39.94586793270229	39.77985641759052
fastqc | MantonBM4_HiSeq_5_S29_L001_R1_001	31.324699023720378	31.62753564872674	35.60544026285349	36.175033738739444	36.355517888593404	39.81090508449865	39.88090445699785	40.02523016678836	40.03664134506405	40.10447556916099	40.076674222047	40.12207843827735	40.05020277071205	40.081451549749396	40.05970316674794	40.013005165634	40.02699826447823	40.051229030521405	39.99642889460236	39.97468609314446	40.038479584151325	40.0021477948759	39.9339612062426	40.02116839297044	40.00933178267905	39.84626928782718
fastqc | MantonBM4_HiSeq_5_S29_L002_R1_001	31.489200090590202	31.6162106171244	35.59846651779136	36.092761517557484	36.314298860870196	39.74722147506165	39.8671844277035	39.93052442918319	39.976816521849535	40.072820131960306	40.03841256500043	40.08430472683353	40.003171195560576	40.044567913701094	40.02889562192942	39.98699194541958	40.004969448421754	39.995187332649444	39.921279892101595	39.9019877793687	39.951716312091364	39.94397182973508	39.877615206087505	39.936228819164455	39.9379448315141	39.76033172900319
fastqc | MantonBM4_HiSeq_6_S30_L001_R1_001	31.343315917054024	31.63523181656873	35.65023702529693	36.1883582905171	36.37280272683143	39.817201676834124	39.898611151912625	40.01945259579186	40.02552425335917	40.09448738735779	40.07647214988531	40.10864167474476	40.06102382163188	40.08342289240302	40.06098484537019	40.00045186745014	40.0272957353196	40.047913417060094	40.00247263810284	39.981628107999164	40.0392985403064	40.0004054291904	39.94034404230272	40.01787481788288	40.00541666800995	39.85351208537598
fastqc | MantonBM4_HiSeq_6_S30_L002_R1_001	31.50802362670572	31.623749348647248	35.63935268603072	36.10594862214072	36.33086972537282	39.75322079307651	39.88364783876434	39.92783753105905	39.96487023288587	40.062506706825744	40.03881946623169	40.07289342323524	40.01412885484229	40.045247665048585	40.030201428404844	39.975045393021475	40.00605084627007	39.99100235129086	39.92596163895673	39.90990236660735	39.95162660727219	39.94194185042612	39.88470347662899	39.934072814438906	39.93546722176298	39.76894812838821
fastqc | MantonBM4_HiSeq_7_S31_L001_R1_001	31.347639339769255	31.640024957893168	35.66213096504311	36.20748747780002	36.37527194940241	39.822615216277484	39.89002855089972	40.04069766026159	40.020806281655645	40.09802659264249	40.07632822009595	40.1180405087917	40.07176251114633	40.07666725344812	40.062707475531624	40.01490626280724	40.03172182641174	40.05245527759568	40.01134381282898	39.99057152971179	40.04463887263263	40.00358648879408	39.95114051182173	40.02196221365454	40.00839844456229	39.86258786731855
fastqc | MantonBM4_HiSeq_7_S31_L002_R1_001	31.5125252463599	31.627335664356536	35.648065141312706	36.12128313267337	36.33158735401782	39.75859969552738	39.870765016090566	39.94456293603793	39.95937929407139	40.064866954246604	40.03664168995107	40.080162789741664	40.02311800715904	40.03736556575096	40.03050319621155	39.98662958363615	40.00761027505066	39.994245134440746	39.93474281325343	39.91637138650568	39.95516173314678	39.94525396353048	39.89146322361466	39.935959933537056	39.93675647610829	39.77597496751031
fastqc | MantonBM4_HiSeq_8_S32_L001_R1_001	31.347261301228947	31.634570020542558	35.640831528279854	36.188010605624896	36.37529560248442	39.847931398404974	39.908377990940394	40.05889460691334	40.041343736364375	40.120145774022426	40.07985327406994	40.12057959529402	40.0709190157877	40.091908022955565	40.06698421890892	40.02624281763612	40.044434001447094	40.06835494954186	40.018753986930996	39.99762449978644	40.05924759781529	40.02215964092866	39.96052710560251	40.04309102660883	40.03246960200742	39.87482203661586
fastqc | MantonBM4_HiSeq_8_S32_L002_R1_001	31.51029332711644	31.622588738110633	35.62938745992359	36.10007375444871	36.332520465060746	39.78247275415585	39.8885493039734	39.96254020453595	39.97703893810415	40.085136301992875	40.04164949759648	40.08102369229837	40.022824618301264	40.05382252988962	40.03475597491856	39.99898181472675	40.02221456463257	40.01049230872747	39.941799299718774	39.92505690187422	39.97211877157003	39.96420095273309	39.90394313446255	39.95690744629829	39.96159482422431	39.79177756336381
fastqc | MantonBM5_HiSeq_1_S1_L001_R1_001	31.122867453024913	31.744309654119352	35.976872292868116	36.3188108126568	36.54185832302114	40.1541671348427	40.17977407546059	40.29842879054423	40.29814256838275	40.291866470393465	40.294840446182484	40.324916617005904	40.19858120187308	40.25086254912027	40.3080936695221	40.27105297856182	40.25630966121903	40.20026962666661	40.182683759730565	40.18232149542731	40.12194408416049	40.11732127413761	40.04360894394294	40.07277517283728	40.13036096483229	39.92469895274342
fastqc | MantonBM5_HiSeq_1_S1_L002_R1_001	31.26343549553943	31.74103962421182	35.977448195116445	36.383762758520625	36.54827850402126	40.275224346431244	40.24693931327168	40.281878924787954	40.34833547679838	40.31758546017326	40.39095306476543	40.374168971680874	40.305964770865536	40.31204707428104	40.319192724444164	40.28135910865171	40.24340672702761	40.217857741361485	40.20433354223889	40.17213136465036	40.17279933580124	40.15517200047558	40.22700369379954	40.157792490281864	40.23311458033157	40.09206399361595
fastqc | MantonBM5_HiSeq_2_S2_L001_R1_001	31.11786343379792	31.741451551654613	35.95085478959768	36.307814747549784	36.52431520143666	40.13931353936756	40.157705844479196	40.28592317939392	40.27734302188914	40.27402615255549	40.26729591749656	40.29297178690151	40.17956756872034	40.24227767092069	40.28655646598352	40.25747017681911	40.24094425313634	40.18211811869213	40.16263393297294	40.165261494334125	40.10751092561062	40.102139853515695	40.02845258629703	40.05931430019526	40.114617571847226	39.90393802622915
fastqc | MantonBM5_HiSeq_2_S2_L002_R1_001	31.25876761917188	31.739723273273807	35.95416866128891	36.375233979750604	36.52956552345457	40.261698029546174	40.22553906311862	40.2691228613281	40.33038485736921	40.302142184243195	40.36747496858362	40.3443020098411	40.28856169249208	40.30411278883258	40.299198629071434	40.26953523419773	40.22744064574281	40.20062028053479	40.185678305000195	40.15378118972259	40.1599918945127	40.14092297082725	40.21269406754403	40.14487465501188	40.218129684718654	40.07239124219153
fastqc | MantonBM5_HiSeq_3_S3_L001_R1_001	31.12623308871727	31.741615646001385	35.96731801670974	36.324075328138306	36.5330065913407	40.14983147293514	40.175713075967565	40.293122810369866	40.294498544392134	40.27924808241613	40.28807714536625	40.31420563118591	40.19849705437563	40.242508592593715	40.30166600243665	40.26760125911162	40.25820404581638	40.20129626166577	40.18470566622187	40.1840415825767	40.12538763044153	40.1194716338233	40.04559273605661	40.077667016315345	40.13253666088631	39.92443399666628
fastqc | MantonBM5_HiSeq_3_S3_L002_R1_001	31.262025490971627	31.73733230715679	35.966475085729286	36.38617366679227	36.537328172360716	40.26946119666294	40.239234036262005	40.273214085978694	40.34222732690113	40.302585546791065	40.38312398529318	40.361757034025494	40.3036660278104	40.29938320418741	40.309898332353306	40.27366351029532	40.241306483492636	40.21582841193566	40.20400943755659	40.16957459105928	40.172863555023774	40.15325660141129	40.22518002449536	40.15886072790699	40.23220355905882	40.08839422777542
fastqc | MantonBM5_HiSeq_4_S4_L001_R1_001	31.121304453772805	31.736146791386886	35.95240559356176	36.30119244527579	36.52917674577808	40.137488262662266	40.15811274164032	40.291249289328654	40.29895811076486	40.299383691277576	40.29882718179642	40.31960968865202	40.21234741174572	40.252386655417126	40.31112012080746	40.27929217387596	40.26083384030603	40.19855990898694	40.18324611253794	40.18480873447587	40.12582391688516	40.12342741438557	40.04987452763255	40.08139163894906	40.134939803357156	39.926737657408296
fastqc | MantonBM5_HiSeq_4_S4_L002_R1_001	31.262712620681796	31.733613473221506	35.9554616515001	36.36930890158797	36.53426128398571	40.26125530529342	40.22528492437784	40.273229602307026	40.3497444557621	40.323794631338785	40.394422106822866	40.3678741575551	40.318608701646596	40.31289088214179	40.32132904835548	40.28945107604838	40.24653849212702	40.21509005078603	40.20413376370456	40.172037537321714	40.174655991401536	40.15960588098275	40.23167496514984	40.1644166985396	40.23692455763961	40.09307947932127
fastqc | MantonBM5_HiSeq_5_S5_L001_R1_001	31.114834178222793	31.73100357819669	35.93412693742107	36.2911414369076	36.52020364559823	40.11716833230407	40.14163648816672	40.272233748170095	40.27372688341429	40.27109189004279	40.27617153783545	40.29824316270967	40.19402997772228	40.2340451307777	40.30346151452567	40.24160157912535	40.237749118770566	40.17377788148391	40.15792034050769	40.155003022997526	40.10045310885436	40.09600733366	40.01921708330466	40.04802394570936	40.10486946730361	39.897788526355306
fastqc | MantonBM5_HiSeq_5_S5_L002_R1_001	31.25321454496502	31.7295492751312	35.940427636000024	36.35936783338198	36.527377612160215	40.24502975623178	40.21313671065733	40.256800239751826	40.328448482603974	40.29968914297319	40.37688094340318	40.35003977783189	40.3050062762594	40.2976485575483	40.315966822033694	40.25690090750731	40.226616513907516	40.195157043105404	40.18212153793194	40.145608280066696	40.156345043296355	40.13770631457879	40.20791779095928	40.135193747444426	40.212319144671724	40.06937998260449
fastqc | MantonBM5_HiSeq_6_S6_L001_R1_001	31.120677909657264	31.741130406765542	35.95157085761298	36.31810876349746	36.52201899399093	40.15638372396381	40.17098113935263	40.29951389972318	40.288812918853736	40.289244375705145	40.292707842025614	40.31012308266064	40.20702242351764	40.250286568732115	40.3035678757901	40.27493023940352	40.25822485568315	40.19739960837373	40.18342309395796	40.18102562044469	40.12243447327101	40.117884035983145	40.04146923937216	40.06907674459892	40.12597220917818	39.923276888502194
fastqc | MantonBM5_HiSeq_6_S6_L002_R1_001	31.25853581867376	31.738238975693704	35.953079722958584	36.382819945474004	36.526238439488665	40.27560901887851	40.23619839973087	40.28109157038311	40.33936942094206	40.313076055883265	40.38881972216265	40.35905592789331	40.312850859434526	40.30856068743806	40.31301997025415	40.28357093865367	40.24354295867564	40.213629387902934	40.20332513182378	40.167394899059566	40.17084191763549	40.15313360125325	40.223832734963096	40.15189254760391	40.22728494158056	40.087135735439524
fastqc | MantonBM5_HiSeq_7_S7_L001_R1_001	31.12568457304998	31.757073676498827	35.988301354906774	36.34062615465661	36.55118975074118	40.17301768977712	40.197585438883884	40.326373219407394	40.31234448324509	40.32065604716057	40.32126557316982	40.34188000094681	40.22916736501112	40.27722148103654	40.32682728571457	40.30252182045582	40.28347169133596	40.22576223921412	40.21114505740365	40.21083018941224	40.15167200911232	40.1502931879121	40.075271940372936	40.10309330416191	40.15757820405301	39.95424818633001
fastqc | MantonBM5_HiSeq_7_S7_L002_R1_001	31.270021569953766	31.752205000827182	35.986402457393424	36.401683047133346	36.55500375890058	40.28941118763444	40.25953650546318	40.30502097136405	40.35638572556013	40.34160615928406	40.41232182535972	40.38508338713733	40.32922289867012	40.33006638788023	40.33137239990013	40.30443843754415	40.264025331722216	40.235101485082346	40.22421426962101	40.193102383416985	40.189194897775764	40.17821356588298	40.24713425828266	40.18059978166077	40.25185002320569	40.11067098002942
fastqc | MantonBM5_HiSeq_8_S8_L001_R1_001	31.126743727000168	31.744116033853203	35.95951490830414	36.32134792944385	36.5291956178628	40.132063315973014	40.161515006527736	40.29280941308886	40.28039849331824	40.278100438208334	40.28173645315664	40.32070593856823	40.20959854650623	40.260230728489596	40.30885828714026	40.26715461229377	40.260138951376	40.20371904710899	40.186702733462184	40.18819203306059	40.1288932256513	40.12400585642493	40.05015918238461	40.08190950266627	40.135029991866475	39.924860473558056
fastqc | MantonBM5_HiSeq_8_S8_L002_R1_001	31.263255613327196	31.739030057485113	35.95696596766228	36.38289464008183	36.53201864035227	40.25105572980205	40.22496187608075	40.271049827016775	40.32770432112959	40.2995223853463	40.3755173935265	40.36621734854282	40.311582479991294	40.31526286378808	40.31574098304382	40.27198180581474	40.24084778929964	40.21645956105127	40.20286699353587	40.170508329038924	40.17191814479778	40.154649657272884	40.225458944378175	40.1596827803389	40.23216979865743	40.08483515956928
fastqc | MantonBM6_HiSeq_1_S9_L003_R1_001	31.2646991802234	31.757903047027582	36.00189509132538	36.46769493876638	36.573960586804894	40.28264713986679	40.32102113779827	40.399614345082405	40.372390673451015	40.34416010282131	40.44674497396584	40.40840223910815	40.40001501947671	40.41108292767345	40.36034492411294	40.25097968632276	40.36131572956253	40.23054148183849	40.26734559041845	40.25731539424956	40.28277834276666	40.1308453997197	40.219415697951426	40.24149642892889	40.27242141447347	40.22251414759099
fastqc | MantonBM6_HiSeq_1_S9_L004_R1_001	31.361066622601605	31.77100659280815	36.02245940883182	36.488095285702876	36.601972473581554	40.30616404820958	40.35302244584492	40.36840122313375	40.365699213931656	40.30005039389366	40.42872437912491	40.37600942974024	40.37861435772944	40.364869666457246	40.39675090697668	40.260954747918916	40.38788270381056	40.36210464250537	40.34445014191823	40.309662000998685	40.23917408687852	40.251840350020004	40.31644480839039	40.21705781969622	40.31966596184055	40.079851073301
fastqc | MantonBM6_HiSeq_2_S10_L003_R1_001	31.27103905201651	31.76784867819157	36.002976203995864	36.478530677716414	36.5874307905094	40.29223614424692	40.31881783251218	40.406991140889936	40.374624028108755	40.342136394226706	40.44672151091271	40.41832150135052	40.41964391167714	40.427545638459186	40.37703724667004	40.26192436339874	40.37363214938552	40.24190815082644	40.27797561629579	40.26660590548284	40.29344314390804	40.14134129849576	40.22871228271564	40.25066950962079	40.282422802331084	40.235452279776574
fastqc | MantonBM6_HiSeq_2_S10_L004_R1_001	31.369723797327055	31.780877275442162	36.025326521225175	36.499940297844844	36.61609727971959	40.31633137486354	40.351132817328605	40.37688222411257	40.369074119830245	40.2994429935779	40.42906556496892	40.38684274076723	40.398168019317744	40.38221651565514	40.41406274380204	40.27224229348681	40.40089598983674	40.375922343932594	40.3557126419483	40.3200857762383	40.2503837642672	40.26192998880203	40.325112604505954	40.226065204073066	40.329429290605944	40.09335033498586
fastqc | MantonBM6_HiSeq_4_S11_L003_R1_001	31.27211796513754	31.769844071319003	36.01330196334272	36.47489786979511	36.580341170787975	40.29946773106186	40.32857634682536	40.4104474909973	40.37282642459228	40.35246993288982	40.452639385451256	40.424023990958005	40.42195603650304	40.431806336556065	40.37168206445633	40.258569538760035	40.37582029069147	40.24048012912077	40.277853463128146	40.26966751918159	40.297384898493405	40.14299456720077	40.23289980409746	40.255071912726876	40.28582354158879	40.23802380867159
fastqc | MantonBM6_HiSeq_4_S11_L004_R1_001	31.370357543434892	31.782706686398374	36.03662326250182	36.495159390999554	36.60938322313226	40.32255432973955	40.36030507366494	40.37932581166648	40.36760729410528	40.310304637926876	40.4351123198258	40.392698370341115	40.40171432727473	40.38793543734515	40.409796761333126	40.26965318644958	40.40303221080105	40.37471978846144	40.356844931345684	40.32291069440379	40.25356509052984	40.265422485821134	40.33069401963249	40.2314883958398	40.332694005906376	40.095743953083606
fastqc | MantonBM6_HiSeq_5_S12_L003_R1_001	31.273480216883907	31.765777586113522	35.999300188807275	36.46424462194823	36.580176707494914	40.297135141143464	40.325593192579895	40.41246359138154	40.37049154905362	40.349453394194356	40.44019993696062	40.40540755973685	40.39748838448626	40.40821828730741	40.34013386772776	40.222452098021286	40.323185032331295	40.188027780224154	40.20890853743328	40.17728004336571	40.186453253381316	40.02641857532637	40.11199574612845	40.151035242065674	40.18823072234648	40.14827713903548
fastqc | MantonBM6_HiSeq_5_S12_L004_R1_001	31.371255286972314	31.777705391345577	36.02006418794982	36.48528876406214	36.60936076856348	40.32035031319374	40.35767338536825	40.3814949812909	40.364278616905786	40.307858294907106	40.422478678888616	40.37344033346203	40.376197586071065	40.36370981237363	40.37828568732655	40.235137153103736	40.353666951635866	40.32498293475482	40.289889440282884	40.24050408859685	40.154789549348116	40.16067695725662	40.224057769598524	40.13456283947932	40.246852381987296	40.00936579699668
fastqc | MantonBM6_HiSeq_6_S13_L003_R1_001	31.272561216672244	31.764225407428825	35.99215246988369	36.469372883393	36.57258999344847	40.279165122714126	40.31859773228666	40.40975417089954	40.38163747434854	40.349613144909405	40.449860131999515	40.414767190577	40.41262844306576	40.426772997835165	40.36500856539486	40.259188354384996	40.3680488299856	40.23607824348787	40.27229077231664	40.26124170975051	40.2858970227525	40.135497965899596	40.22368636789367	40.24576940402918	40.27834615765697	40.231192558252175
fastqc | MantonBM6_HiSeq_6_S13_L004_R1_001	31.3703152227425	31.777498074688747	36.01313179279768	36.49008423013195	36.6016219350018	40.30195594048787	40.35142293404321	40.3792117661275	40.37569067648646	40.30720856116222	40.431757851199805	40.38277634965916	40.39149658673422	40.38158375709068	40.401801129295364	40.27107657747097	40.39603330627389	40.36928929201175	40.35023773557008	40.31455040223276	40.243529620712515	40.25707900576154	40.3210528125538	40.22159271948438	40.3258832464574	40.08799454358627
fastqc | MantonBM6_HiSeq_7_S14_L003_R1_001	31.271651649098374	31.76582985307683	36.01394306932419	36.47327897032843	36.58399802539914	40.291803794433676	40.32202859347402	40.40812616931707	40.372628580173064	40.35668351330497	40.45737143707171	40.42392960415986	40.40925264251695	40.429553887611654	40.373117131934244	40.26117480803387	40.36913699460741	40.23703678211439	40.27395117136583	40.266870559800395	40.29354149717122	40.13920631632347	40.227799449951895	40.24873878143524	40.28257532458214	40.23555367212703
fastqc | MantonBM6_HiSeq_7_S14_L004_R1_001	31.369688309187087	31.778535286566278	36.03543571191783	36.49405683869314	36.612287464106046	40.31435397870464	40.353317695223005	40.376719803953755	40.36605447325165	40.314020713697396	40.43964949103528	40.390703043242475	40.38716886154161	40.38516909245177	40.40967742436044	40.27170820309077	40.39587596191552	40.36986428194387	40.35163562902532	40.31958374460537	40.249646420688165	40.26172105533879	40.324560831293276	40.224894182839606	40.328945483329605	40.09246758118985
fastqc | MantonBM6_HiSeq_8_S15_L003_R1_001	31.27164199794764	31.763618209911538	35.99718491888843	36.472578889130986	36.578362768616884	40.28681697636303	40.31747715443562	40.40484028454364	40.366448518437295	40.354768892710354	40.45549873513647	40.42310281668063	40.40803019321825	40.42601578831193	40.37106427326597	40.25854298101159	40.370072401307056	40.23701625146134	40.27365468959215	40.26265064352175	40.287496423299366	40.13596772811886	40.22358154895219	40.244772095301435	40.275906043584385	40.228582012812495
fastqc | MantonBM6_HiSeq_8_S15_L004_R1_001	31.369728493570236	31.77585160532955	36.02004627664968	36.493064830367004	36.60681523518836	40.31043322201509	40.349564809361475	40.373199687718234	40.35982455863249	40.312145480395095	40.43667187140989	40.390538576881525	40.38537917713661	40.380739973619995	40.40826936662291	40.26904152148092	40.39697635164586	40.36931311996455	40.351419786577296	40.315664539722846	40.24494210342394	40.25782873900902	40.320476043746204	40.21999147702852	40.32264941985493	40.085568673757116
fastqc | MantonBM7_HiSeq_1_S16_L005_R1_001	30.977310280083227	31.730141091303995	35.844872124955536	36.428989377963696	36.55338866654555	40.265407989335664	40.352599009599835	40.40104973160289	40.393839900269334	40.34590926027621	40.39202444103286	40.386792997419704	40.353752374487215	40.317180443632466	40.386811868545344	40.288084067162984	40.36914976337576	40.291379498957895	40.304770620561825	40.28213184491838	40.24400854704085	40.253131429028805	40.20484288480645	40.1798261143555	40.15486647500782	39.89120221392215
fastqc | MantonBM7_HiSeq_1_S16_L006_R1_001	31.300451712168574	31.73701367013059	35.993298682127545	36.45835192449737	36.64778283820637	40.32492425428594	40.41172904417609	40.46045934802953	40.453719175305224	40.40419538695063	40.4748892947256	40.40223810920044	40.40451069309276	40.40593675114383	40.43638585809785	40.38500832502792	40.416730990732255	40.38541557094568	40.35937939888733	40.3145706892988	40.28844129174622	40.32771306509103	40.30604445731616	40.232781988869384	40.25706420105065	40.00761104005155
fastqc | MantonBM7_HiSeq_2_S17_L005_R1_001	30.98205729518447	31.736351245349613	35.86016637900997	36.4400988603693	36.555831237024286	40.27696324970708	40.36086298168486	40.417567949111145	40.4000563293073	40.35411617310884	40.397612462946206	40.394857753425356	40.364059026342474	40.328915892737776	40.39426781466521	40.29295815247293	40.371309459276915	40.29065192070995	40.30553259777477	40.285177959680134	40.24902706717137	40.25860233051203	40.20959520702296	40.1835811084629	40.16067446750658	39.898373418781965
fastqc | MantonBM7_HiSeq_2_S17_L006_R1_001	31.30692928199675	31.74343653938242	36.00810709278868	36.46870082375399	36.65121705687387	40.33695908137203	40.419908759065464	40.47341029517746	40.45898311810048	40.409355977782326	40.47924511624054	40.40849348879124	40.41282610437345	40.41509405382189	40.442929966552	40.38805268077073	40.41713625190231	40.383983607277116	40.359426609047986	40.31794271678289	40.29145389429871	40.33189454072057	40.30890245993059	40.236233513165374	40.25992204520031	40.011223629850306
fastqc | MantonBM7_HiSeq_3_S18_L005_R1_001	30.976799896086394	31.736427103046463	35.85282269841462	36.43656646982738	36.556167677335715	40.27828199433861	40.35556089838228	40.41598283073378	40.39559880021609	40.3524513152647	40.4024463307704	40.394192067700715	40.36340345160386	40.33267329491913	40.392731612015204	40.302878168503	40.37690160402331	40.29904485557516	40.31163699006833	40.29187569529234	40.25393025144617	40.26274332243075	40.21654018345547	40.18970497948578	40.16511738546995	39.90219873056359
fastqc | MantonBM7_HiSeq_3_S18_L006_R1_001	31.304205777804466	31.743703145360836	36.0017470310544	36.46576090872731	36.650696999860386	40.33793871348546	40.41539736994544	40.472973628323174	40.45571066630278	40.407813736750846	40.48255727862943	40.40837907821723	40.41310324857544	40.418679158616925	40.44081119933874	40.39757070809656	40.42199291094402	40.39165907344759	40.364992635708944	40.322916065738674	40.296188732890585	40.337166718777404	40.3153531751218	40.2423565484173	40.2652001715724	40.01699755745525
fastqc | MantonBM7_HiSeq_4_S19_L005_R1_001	30.97937302114819	31.74216072145824	35.864901584571335	36.44117513809584	36.564988207084625	40.292401076033215	40.37671280047457	40.42354699485138	40.40793536868178	40.36109300272832	40.412363375039035	40.41231660701543	40.37676753103451	40.34482027700353	40.402088035473916	40.308813706751835	40.38257928937841	40.30667663041578	40.32036191190873	40.30286434285777	40.26490459475213	40.27305950519317	40.22773462002853	40.202838543479935	40.179003023559375	39.92048457297545
fastqc | MantonBM7_HiSeq_4_S19_L006_R1_001	31.305712688370708	31.748055153936036	36.01124552002121	36.46961141454336	36.6563971385506	40.349866682566365	40.43227887907082	40.47832910190131	40.465181429492624	40.41700058736905	40.49120373438518	40.42409864348801	40.424845052418206	40.427611348319665	40.448203922222866	40.3990006532708	40.42643738288415	40.39769549603082	40.37134474480965	40.330306708892934	40.3049787547348	40.345123382511694	40.323070120667325	40.25131142305714	40.27445554073133	40.03086653410231
fastqc | MantonBM7_HiSeq_5_S20_L005_R1_001	30.978139995212715	31.7347939862763	35.8609464816701	36.432429599787895	36.55635043110703	40.28027354923383	40.35693139534474	40.410791845684216	40.40084761001452	40.35101136570931	40.39865527703011	40.39666022499135	40.36346373399513	40.33067581596563	40.39028828813456	40.28610906206083	40.36572569702035	40.28889979306392	40.303246683922474	40.28222524199817	40.24476878360422	40.252887826504654	40.20502404137911	40.17977695919182	40.15648144466998	39.88939874747491
fastqc | MantonBM7_HiSeq_5_S20_L006_R1_001	31.302960798512565	31.74092484226256	36.0081643518976	36.461047711525154	36.65052984217806	40.3404137576179	40.41555981434872	40.468177426292996	40.459093623779296	40.4070728223535	40.48097560977663	40.41015387743839	40.412109522611985	40.41683833624372	40.438246927347656	40.38111546889214	40.41262713582535	40.382397126688936	40.357149455164425	40.31420125960967	40.28802519278272	40.32722840601712	40.304732162101374	40.23243459861078	40.255160289515715	40.00522855851876
fastqc | MantonBM7_HiSeq_6_S21_L005_R1_001	30.969835617565774	31.723435537790966	35.823159458403694	36.41135272400902	36.540297002598216	40.24140461376974	40.33075429958753	40.39258032389956	40.374384840623115	40.32528597650173	40.37662268419935	40.37397858386349	40.33970920927248	40.30649790114105	40.364252025493315	40.266776268647085	40.343911840307506	40.26321900044252	40.279292709789	40.25935327032922	40.220103013175816	40.22909839776317	40.177360606398786	40.152274901377844	40.12868286842956	39.85595964862794
fastqc | MantonBM7_HiSeq_6_S21_L006_R1_001	31.295997732020428	31.729541395609367	35.97381392333916	36.442943365615946	36.63839530589535	40.30534426877859	40.393272763424086	40.45303625678126	40.43591165638642	40.38458068700078	40.46196615497682	40.390649190916434	40.3905499592121	40.39617920381786	40.41747935102422	40.36599077451246	40.39261296268248	40.3610119089551	40.33842893526161	40.29724059229279	40.267063581905894	40.30638026427068	40.28301635377998	40.209620799208366	40.2351066964424	39.97778861875524
fastqc | MantonBM7_HiSeq_7_S22_L005_R1_001	30.96796607959759	31.72968335732415	35.81817072599658	36.41949134394699	36.53764984354262	40.2565178076891	40.338758157623026	40.399718459482365	40.382234567251786	40.33608656958464	40.382646409762636	40.374946304657804	40.34798484081821	40.31431313262667	40.37857831232005	40.2717812832966	40.35245853147537	40.272844358027015	40.288122498649734	40.26585303421665	40.22686609124628	40.237576801767936	40.18561804179052	40.159444878068456	40.13584550784198	39.867656431134115
fastqc | MantonBM7_HiSeq_7_S22_L006_R1_001	31.292630710032025	31.734544599005506	35.96785302928514	36.448732562676376	36.635009350800814	40.3172593051385	40.399793304576754	40.45852248018036	40.442089326267975	40.39225289752454	40.46539363850551	40.38905901283917	40.397864122477706	40.40145494538331	40.428618180165984	40.368503419840756	40.39955351778529	40.36704864661446	40.34374577677345	40.299183145252194	40.27041577940862	40.31247040906063	40.287386156236344	40.21313639843682	40.23901075885901	39.98483019933525
fastqc | MantonBM7_HiSeq_8_S23_L005_R1_001	30.975592468643033	31.728766444675657	35.84118427095802	36.42759316873428	36.550441576977036	40.260162728468224	40.34213373409299	40.402508755306684	40.38499507475131	40.34318976382933	40.389387816475335	40.38831756175809	40.355179176675975	40.31804903010385	40.374692372712566	40.280294312681164	40.36477113684236	40.287740208666705	40.30277304289319	40.28209581353016	40.242155713982825	40.25036932421753	40.200447490366805	40.174912152290084	40.151486724240726	39.886389448918685
fastqc | MantonBM7_HiSeq_8_S23_L006_R1_001	31.302340952791237	31.73539705846572	35.99081331008498	36.456636155308466	36.645808156186995	40.32096490719118	40.40259372856018	40.4600231333405	40.445517923415686	40.39937965247421	40.47144424370992	40.40370437791226	40.40484594983854	40.40547557006783	40.424939479232926	40.37646775422445	40.411234919853975	40.381174312422324	40.356931766980175	40.31429203946339	40.28664760398468	40.32608879807779	40.30206492812902	40.228885069498894	40.254130035283474	40.00406751878974
fastqc | MantonBM8_HiSeq_1_S24_L007_R1_001	31.086569188015172	31.727619044235862	35.849476746069314	36.40744989990354	36.62481218123087	40.26479181128203	40.28574209235762	40.41598805137811	40.378820457204675	40.37953918438281	40.44144677028807	40.39476015641375	40.34344828018095	40.38593281846434	40.35798641469948	40.34460235266647	40.36441247765754	40.293219814076515	40.31113100952997	40.26988107574732	40.231322042896174	40.230590571224496	40.16291018752149	40.20927287885163	40.20838332785131	39.88056331247405
fastqc | MantonBM8_HiSeq_1_S24_L008_R1_001	31.463204542915218	31.74681956646595	35.94814429353208	36.37362389753602	36.60962704726117	40.23722389533092	40.335323613178716	40.41241780654557	40.38671228822182	40.38048370790185	40.39167281804898	40.368378140786334	40.36423643001955	40.33699502663943	40.34010427961509	40.33923563222273	40.320111103010206	40.29067241965526	40.25975942330044	40.21409112617776	40.19671054976237	40.23436283287053	40.192024473688974	40.200174172051895	40.1854250634297	39.8474209305704
fastqc | MantonBM8_HiSeq_2_S25_L007_R1_001	31.08896012641032	31.723217385838794	35.83260501643408	36.3905396604815	36.61897964348466	40.2657458326738	40.27926926742957	40.400470995170046	40.35726835671641	40.37043093828022	40.432742849725976	40.38277992055159	40.3304884036249	40.36843193868054	40.342420882957896	40.33023990221186	40.35443353839826	40.28013301220259	40.29732870289669	40.25655708820128	40.21565662916575	40.214823481635115	40.14699779331555	40.19400244267985	40.19294396426695	39.86039896861391
fastqc | MantonBM8_HiSeq_2_S25_L008_R1_001	31.464932807215938	31.74238111994241	35.931381649104054	36.357256954983654	36.60506372771545	40.238519830131054	40.328149841385816	40.39711482807619	40.36476548469326	40.3713487067773	40.381109713742354	40.35564815317215	40.35287633465579	40.3181156258478	40.325715311036916	40.32458280842468	40.310881787438184	40.27825184333592	40.246061452589	40.201390411161285	40.1816214694577	40.21869925084679	40.17427881177694	40.184498862436776	40.170655864964395	39.82851464595863
fastqc | MantonBM8_HiSeq_3_S26_L007_R1_001	31.09168147029604	31.728069248959443	35.85051048695485	36.40709066479167	36.62632871071952	40.279630962292075	40.299390655359176	40.41513879981161	40.38087031661878	40.37626755853552	40.444882113124294	40.39521842618303	40.34979707708563	40.38880374096638	40.35022448493287	40.3433537906475	40.36728390059667	40.296623696134425	40.313347766043805	40.27225784056211	40.23199606620064	40.22989498744533	40.16157680103757	40.207566994386106	40.20628988767018	39.884177651380625
fastqc | MantonBM8_HiSeq_3_S26_L008_R1_001	31.466191970681585	31.747321074860007	35.948538875764775	36.37373040291947	36.61254459738065	40.25352964021761	40.34810514734534	40.41156098646178	40.38907286440612	40.3774159048246	40.39608242786686	40.36778651529	40.370790039171176	40.33941561087042	40.33343118827895	40.33829981790631	40.32512037466937	40.29476122387466	40.26332251067152	40.216919907435795	40.196868230766796	40.23486666452528	40.19098823869642	40.199706824506436	40.18593953779977	39.85068027464708
fastqc | MantonBM8_HiSeq_4_S27_L007_R1_001	31.093510404184624	31.73416814941329	35.868413116705945	36.42219075978473	36.63232599993758	40.2804536018166	40.28874931488051	40.4224729688037	40.381679890549876	40.3953472716634	40.45129072890981	40.3964280523619	40.35770896751495	40.38956303833492	40.373340570301934	40.35218483252059	40.37608196021421	40.30341701836707	40.3213881847312	40.281425243579065	40.245099956766914	40.244409835390975	40.179055266643225	40.22743649743376	40.22490627572891	39.9003149078929
fastqc | MantonBM8_HiSeq_4_S27_L008_R1_001	31.471292702122582	31.754433309258072	35.967659665851436	36.39001692517337	36.618151802270354	40.255385761462016	40.34021404803178	40.41998069881768	40.39052051221411	40.396088689783724	40.40368959403025	40.372743879826814	40.381179834409	40.34180911787821	40.3580001553014	40.347428747407555	40.333984145468634	40.30163004220834	40.27231865656333	40.22863909448333	40.21205052566687	40.249101570383935	40.20896864783107	40.22074374004768	40.20524943149721	39.8689231581528
fastqc | MantonBM8_HiSeq_5_S28_L007_R1_001	31.08921062313067	31.727970641483015	35.85691276088071	36.41101518840634	36.62183574537082	40.27330457041678	40.28254815456832	40.41096000591048	40.37743814826282	40.377759060281	40.445680375758656	40.402348380435434	40.3518261257517	40.38823656870953	40.363857775731745	40.346740026567794	40.3674709985217	40.29760354727375	40.31590057416395	40.27596641124846	40.23634242159927	40.233793387286994	40.167327758260335	40.21326665011721	40.21052930057536	39.886514418292926
fastqc | MantonBM8_HiSeq_5_S28_L008_R1_001	31.46549629269111	31.746636847561856	35.95525801978295	36.377116289078536	36.60756219788835	40.24625586869727	40.33290026217054	40.40636094738695	40.38528585580237	40.37854424947122	40.39681054538384	40.37618338442167	40.37321140831013	40.33915822045301	40.34621221219426	40.34091281534099	40.32418758851218	40.294364337364286	40.26501242154006	40.22076389745693	40.200827490892685	40.237268126656986	40.19567479437013	40.205104110720065	40.18819463501105	39.852623374451944
fastqc | MantonBM8_HiSeq_6_S29_L007_R1_001	31.096253212379604	31.72804325360511	35.84748633488845	36.4118035256472	36.621207752860116	40.27451818341152	40.28377308029034	40.41517254339934	40.36810727628928	40.37984609573336	40.440630492882306	40.39501289030532	40.34991743744415	40.38541895952062	40.358296092407585	40.342401744488825	40.36400761234439	40.29298305358187	40.31283705617588	40.270328614301214	40.23219993223188	40.233585739846156	40.16366726011292	40.207864975779444	40.208282915917366	39.88392539522077
fastqc | MantonBM8_HiSeq_6_S29_L008_R1_001	31.472413520835598	31.747496016226314	35.94484355100358	36.377618164777495	36.60542511018185	40.24789367579773	40.33403873643107	40.41146467515581	40.3771244844679	40.381559916571476	40.39106959965382	40.369358986716655	40.372045188401216	40.33600107054304	40.34125536553302	40.33706615832963	40.32166014154958	40.29145831752471	40.26319403285049	40.21529974179814	40.19832728674762	40.23717015686942	40.19254352413746	40.199805066826904	40.18605170599853	39.851002803510234
fastqc | MantonBM8_HiSeq_7_S30_L007_R1_001	31.091581009227248	31.72903959472336	35.835788018458345	36.40692767910438	36.62655385708659	40.27459783798058	40.28278209168263	40.40905731545668	40.36517860240727	40.37818893286232	40.44364814433467	40.3943207716165	40.342805112412286	40.382996075320186	40.36526865576223	40.3544324964067	40.36637732600688	40.29611647366402	40.31318723660649	40.271974183178926	40.23266036203497	40.232326913636804	40.16499202229677	40.212428113930564	40.21060833340294	39.884260637258905
fastqc | MantonBM8_HiSeq_7_S30_L008_R1_001	31.466981094035916	31.748346040132088	35.93297786483438	36.373297927769784	36.612199837533474	40.24974101936438	40.33293424905893	40.40545123145412	40.373903097186044	40.379950982575245	40.39551812053755	40.36933407979619	40.3650393366504	40.334644750062225	40.34837488893117	40.34940332159515	40.3233119468222	40.294080887325904	40.26365878820107	40.21789901375536	40.19905454327412	40.235301257063334	40.19342853805849	40.20393132658068	40.18922684388627	39.85362285742397
fastqc | MantonBM8_HiSeq_8_S31_L007_R1_001	31.091602440235658	31.72638805902525	35.84705046306391	36.4110743272087	36.62323337861793	40.26653744686906	40.28371009339152	40.41035114381954	40.37285965237995	40.37337459063338	40.443579328808646	40.39240336877048	40.34120842707646	40.378272742766974	40.35347203687945	40.34520229578039	40.366552189730896	40.29451961543962	40.31208233720199	40.27190713165145	40.23308161474867	40.231274707124996	40.16386821456687	40.21095484454334	40.20714758454226	39.878433777117664
fastqc | MantonBM8_HiSeq_8_S31_L008_R1_001	31.46759743886558	31.745556024692245	35.94490098662519	36.3783064547101	36.6078875539647	40.2395284784466	40.33396313702344	40.40758156954868	40.38128446779289	40.375059909944056	40.39559556895039	40.367553902761735	40.363407122302014	40.32870530261862	40.33570420580535	40.340067998153074	40.32379994244141	40.291729855249784	40.261481142969004	40.216881985861946	40.19796286600492	40.23473469757094	40.19198434098522	40.200230558121966	40.18621161361758	39.84566457051952
