	13.0	14.0	15.0	16.0	17.0	18.0	19.0	20.0	21.0	22.0	23.0	24.0	25.0	26.0	27.0	28.0	29.0	30.0	31.0	32.0	33.0	34.0	35.0	36.0	37.0	38.0	39.0	40.0
fastqc | MantonBM1_HiSeq_1_S1_L007_R1_001	2.0	0.0	2.0	7.0	13.0	65.0	143.0	289.0	631.0	1383.0	2444.0	4763.0	10185.0	21106.0	40055.0	76511.0	141347.0	229007.0	351191.0	512091.0	692814.0	928222.0	1214388.0	1665677.0	2504934.0	4914892.0	36897221.0	4.0
	14.0	15.0	16.0	17.0	18.0	19.0	20.0	21.0	22.0	23.0	24.0	25.0	26.0	27.0	28.0	29.0	30.0	31.0	32.0	33.0	34.0	35.0	36.0	37.0	38.0	39.0	40.0
fastqc | MantonBM1_HiSeq_1_S1_L008_R1_001	1.0	2.0	5.0	19.0	47.0	120.0	273.0	658.0	1486.0	2615.0	5341.0	11136.0	23493.0	45565.0	86665.0	158638.0	258827.0	395149.0	573284.0	763561.0	1010524.0	1300137.0	1739202.0	2523889.0	4493866.0	35092450.0	1.0
	14.0	15.0	16.0	17.0	18.0	19.0	20.0	21.0	22.0	23.0	24.0	25.0	26.0	27.0	28.0	29.0	30.0	31.0	32.0	33.0	34.0	35.0	36.0	37.0	38.0	39.0	40.0
fastqc | MantonBM1_HiSeq_2_S2_L007_R1_001	1.0	1.0	6.0	20.0	48.0	99.0	285.0	706.0	1519.0	2629.0	5213.0	10747.0	22010.0	42063.0	79714.0	145169.0	233879.0	358002.0	520707.0	703202.0	946874.0	1241518.0	1709156.0	2575901.0	5046977.0	36004594.0	2.0
	15.0	16.0	17.0	18.0	19.0	20.0	21.0	22.0	23.0	24.0	25.0	26.0	27.0	28.0	29.0	30.0	31.0	32.0	33.0	34.0	35.0	36.0	37.0	38.0	39.0	40.0
fastqc | MantonBM1_HiSeq_2_S2_L008_R1_001	1.0	3.0	24.0	41.0	121.0	323.0	716.0	1558.0	2949.0	5693.0	11872.0	24379.0	46827.0	87975.0	161171.0	260267.0	396159.0	572247.0	764647.0	1011180.0	1302370.0	1748186.0	2545630.0	4527496.0	33970788.0	7.0
	13.0	14.0	15.0	16.0	17.0	18.0	19.0	20.0	21.0	22.0	23.0	24.0	25.0	26.0	27.0	28.0	29.0	30.0	31.0	32.0	33.0	34.0	35.0	36.0	37.0	38.0	39.0	40.0
fastqc | MantonBM1_HiSeq_3_S3_L007_R1_001	1.0	0.0	0.0	9.0	16.0	53.0	137.0	315.0	723.0	1642.0	2801.0	5366.0	10906.0	22765.0	43167.0	80937.0	146329.0	234420.0	358206.0	518748.0	699756.0	939316.0	1232748.0	1694578.0	2548145.0	4965329.0	35721524.0	6.0
	12.0	13.0	14.0	15.0	16.0	17.0	18.0	19.0	20.0	21.0	22.0	23.0	24.0	25.0	26.0	27.0	28.0	29.0	30.0	31.0	32.0	33.0	34.0	35.0	36.0	37.0	38.0	39.0	40.0
fastqc | MantonBM1_HiSeq_3_S3_L008_R1_001	1.0	1.0	1.0	1.0	4.0	24.0	46.0	124.0	322.0	707.0	1638.0	2902.0	5908.0	12014.0	25091.0	47091.0	89580.0	160966.0	258651.0	394811.0	566101.0	754224.0	996273.0	1281302.0	1716293.0	2496255.0	4428842.0	33451737.0	3.0
	12.0	13.0	14.0	15.0	16.0	17.0	18.0	19.0	20.0	21.0	22.0	23.0	24.0	25.0	26.0	27.0	28.0	29.0	30.0	31.0	32.0	33.0	34.0	35.0	36.0	37.0	38.0	39.0	40.0
fastqc | MantonBM1_HiSeq_4_S4_L007_R1_001	1.0	0.0	2.0	2.0	6.0	21.0	52.0	109.0	322.0	704.0	1559.0	2622.0	5329.0	11185.0	23072.0	44220.0	84210.0	152675.0	248395.0	379515.0	549880.0	740879.0	991764.0	1290445.0	1768607.0	2640255.0	5150115.0	39248792.0	1.0
	15.0	16.0	17.0	18.0	19.0	20.0	21.0	22.0	23.0	24.0	25.0	26.0	27.0	28.0	29.0	30.0	31.0	32.0	33.0	34.0	35.0	36.0	37.0	38.0	39.0	40.0
fastqc | MantonBM1_HiSeq_4_S4_L008_R1_001	1.0	5.0	14.0	43.0	128.0	296.0	716.0	1585.0	2875.0	5846.0	12109.0	25492.0	49090.0	93203.0	170662.0	276665.0	421093.0	607223.0	810082.0	1064013.0	1363090.0	1820945.0	2634422.0	4652880.0	36886287.0	11.0
	13.0	14.0	15.0	16.0	17.0	18.0	19.0	20.0	21.0	22.0	23.0	24.0	25.0	26.0	27.0	28.0	29.0	30.0	31.0	32.0	33.0	34.0	35.0	36.0	37.0	38.0	39.0	40.0
fastqc | MantonBM1_HiSeq_5_S5_L007_R1_001	1.0	1.0	2.0	4.0	18.0	31.0	105.0	287.0	625.0	1488.0	2723.0	5369.0	11226.0	24274.0	46635.0	89063.0	163865.0	266322.0	409540.0	595705.0	802748.0	1075811.0	1405712.0	1925330.0	2881463.0	5633422.0	42982906.0	9.0
	14.0	15.0	16.0	17.0	18.0	19.0	20.0	21.0	22.0	23.0	24.0	25.0	26.0	27.0	28.0	29.0	30.0	31.0	32.0	33.0	34.0	35.0	36.0	37.0	38.0	39.0	40.0
fastqc | MantonBM1_HiSeq_5_S5_L008_R1_001	1.0	1.0	0.0	21.0	44.0	142.0	283.0	672.0	1615.0	2874.0	5775.0	12563.0	26542.0	51877.0	99959.0	183538.0	298573.0	458142.0	662343.0	885737.0	1165512.0	1496475.0	1997341.0	2896210.0	5136701.0	40596740.0	3.0
	12.0	13.0	14.0	15.0	16.0	17.0	18.0	19.0	20.0	21.0	22.0	23.0	24.0	25.0	26.0	27.0	28.0	29.0	30.0	31.0	32.0	33.0	34.0	35.0	36.0	37.0	38.0	39.0	40.0
fastqc | MantonBM1_HiSeq_6_S6_L007_R1_001	2.0	0.0	0.0	3.0	2.0	22.0	56.0	123.0	281.0	691.0	1590.0	2795.0	5605.0	11979.0	24912.0	48814.0	93659.0	172476.0	282052.0	434987.0	631780.0	853634.0	1141147.0	1491323.0	2040904.0	3053552.0	5974484.0	46099007.0	5.0
	15.0	16.0	17.0	18.0	19.0	20.0	21.0	22.0	23.0	24.0	25.0	26.0	27.0	28.0	29.0	30.0	31.0	32.0	33.0	34.0	35.0	36.0	37.0	38.0	39.0	40.0
fastqc | MantonBM1_HiSeq_6_S6_L008_R1_001	2.0	7.0	12.0	45.0	119.0	324.0	705.0	1739.0	3114.0	6082.0	13227.0	28206.0	54990.0	105679.0	196296.0	318103.0	489671.0	708452.0	945515.0	1249073.0	1600012.0	2139907.0	3098531.0	5487021.0	43765572.0	5.0
	14.0	15.0	16.0	17.0	18.0	19.0	20.0	21.0	22.0	23.0	24.0	25.0	26.0	27.0	28.0	29.0	30.0	31.0	32.0	33.0	34.0	35.0	36.0	37.0	38.0	39.0	40.0
fastqc | MantonBM1_HiSeq_7_S7_L007_R1_001	4.0	4.0	6.0	25.0	46.0	113.0	305.0	743.0	1562.0	2760.0	5446.0	11740.0	25021.0	48148.0	92502.0	168657.0	274639.0	423554.0	612341.0	829685.0	1109183.0	1445074.0	1980002.0	2954993.0	5778619.0	44476387.0	1.0
	16.0	17.0	18.0	19.0	20.0	21.0	22.0	23.0	24.0	25.0	26.0	27.0	28.0	29.0	30.0	31.0	32.0	33.0	34.0	35.0	36.0	37.0	38.0	39.0	40.0
fastqc | MantonBM1_HiSeq_7_S7_L008_R1_001	5.0	19.0	38.0	152.0	303.0	734.0	1661.0	3039.0	6079.0	12957.0	27961.0	53989.0	103385.0	191198.0	310226.0	473903.0	684837.0	914958.0	1206739.0	1543379.0	2066436.0	2984074.0	5286598.0	42087527.0	4.0
	13.0	14.0	15.0	16.0	17.0	18.0	19.0	20.0	21.0	22.0	23.0	24.0	25.0	26.0	27.0	28.0	29.0	30.0	31.0	32.0	33.0	34.0	35.0	36.0	37.0	38.0	39.0	40.0
fastqc | MantonBM1_HiSeq_8_S8_L007_R1_001	2.0	2.0	1.0	6.0	16.0	38.0	112.0	296.0	624.0	1514.0	2661.0	5426.0	11376.0	24725.0	47661.0	91739.0	168276.0	272926.0	419193.0	610700.0	824728.0	1102367.0	1438797.0	1966623.0	2945901.0	5758413.0	43867210.0	5.0
	15.0	16.0	17.0	18.0	19.0	20.0	21.0	22.0	23.0	24.0	25.0	26.0	27.0	28.0	29.0	30.0	31.0	32.0	33.0	34.0	35.0	36.0	37.0	38.0	39.0	40.0
fastqc | MantonBM1_HiSeq_8_S8_L008_R1_001	1.0	4.0	14.0	53.0	145.0	265.0	665.0	1633.0	2959.0	5920.0	12913.0	27348.0	53531.0	102981.0	190049.0	308176.0	472335.0	683328.0	911240.0	1200280.0	1539486.0	2056901.0	2975959.0	5278276.0	41639159.0	2.0
	14.0	15.0	16.0	17.0	18.0	19.0	20.0	21.0	22.0	23.0	24.0	25.0	26.0	27.0	28.0	29.0	30.0	31.0	32.0	33.0	34.0	35.0	36.0	37.0	38.0	39.0	40.0
fastqc | MantonBM2_HiSeq_1_S9_L005_R1_001	1.0	1.0	2.0	13.0	38.0	88.0	207.0	515.0	1161.0	2070.0	4019.0	8362.0	18306.0	35471.0	68426.0	128306.0	209345.0	325622.0	476986.0	646719.0	872355.0	1146373.0	1592167.0	2391464.0	4415565.0	38752793.0	3.0
	16.0	17.0	18.0	19.0	20.0	21.0	22.0	23.0	24.0	25.0	26.0	27.0	28.0	29.0	30.0	31.0	32.0	33.0	34.0	35.0	36.0	37.0	38.0	39.0	40.0
fastqc | MantonBM2_HiSeq_1_S9_L006_R1_001	3.0	7.0	34.0	78.0	192.0	474.0	1101.0	2037.0	4367.0	10206.0	22044.0	44476.0	87438.0	163312.0	268774.0	412000.0	597231.0	795519.0	1044601.0	1327891.0	1755955.0	2469896.0	4127297.0	33787947.0	7.0
	12.0	13.0	14.0	15.0	16.0	17.0	18.0	19.0	20.0	21.0	22.0	23.0	24.0	25.0	26.0	27.0	28.0	29.0	30.0	31.0	32.0	33.0	34.0	35.0	36.0	37.0	38.0	39.0	40.0
fastqc | MantonBM2_HiSeq_2_S10_L005_R1_001	1.0	0.0	1.0	1.0	6.0	15.0	32.0	91.0	233.0	544.0	1228.0	2163.0	4325.0	9122.0	20114.0	39347.0	76440.0	143527.0	236015.0	365526.0	535686.0	726729.0	978515.0	1286275.0	1782328.0	2668926.0	4904172.0	44185472.0	5.0
	16.0	17.0	18.0	19.0	20.0	21.0	22.0	23.0	24.0	25.0	26.0	27.0	28.0	29.0	30.0	31.0	32.0	33.0	34.0	35.0	36.0	37.0	38.0	39.0	40.0
fastqc | MantonBM2_HiSeq_2_S10_L006_R1_001	1.0	15.0	35.0	94.0	214.0	494.0	1164.0	2274.0	4783.0	10920.0	24693.0	49387.0	97987.0	183201.0	301434.0	462918.0	669751.0	890528.0	1171025.0	1488661.0	1966945.0	2760584.0	4602081.0	38342933.0	12.0
	14.0	15.0	16.0	17.0	18.0	19.0	20.0	21.0	22.0	23.0	24.0	25.0	26.0	27.0	28.0	29.0	30.0	31.0	32.0	33.0	34.0	35.0	36.0	37.0	38.0	39.0	40.0
fastqc | MantonBM2_HiSeq_3_S11_L005_R1_001	1.0	3.0	4.0	11.0	41.0	83.0	195.0	474.0	1157.0	1967.0	4170.0	8768.0	18884.0	36926.0	72392.0	136322.0	224559.0	348235.0	511051.0	695543.0	940333.0	1242127.0	1730492.0	2595368.0	4806980.0	42598635.0	2.0
	13.0	14.0	15.0	16.0	17.0	18.0	19.0	20.0	21.0	22.0	23.0	24.0	25.0	26.0	27.0	28.0	29.0	30.0	31.0	32.0	33.0	34.0	35.0	36.0	37.0	38.0	39.0	40.0
fastqc | MantonBM2_HiSeq_3_S11_L006_R1_001	1.0	2.0	3.0	3.0	6.0	25.0	69.0	189.0	498.0	1192.0	2115.0	4455.0	10314.0	23122.0	46891.0	92440.0	173600.0	285306.0	442270.0	640287.0	853397.0	1125343.0	1437860.0	1902917.0	2679652.0	4482702.0	37057302.0	8.0
	16.0	17.0	18.0	19.0	20.0	21.0	22.0	23.0	24.0	25.0	26.0	27.0	28.0	29.0	30.0	31.0	32.0	33.0	34.0	35.0	36.0	37.0	38.0	39.0	40.0
fastqc | MantonBM2_HiSeq_4_S12_L005_R1_001	4.0	14.0	50.0	82.0	222.0	495.0	1168.0	2080.0	3995.0	8668.0	18580.0	36820.0	71951.0	133965.0	220656.0	343495.0	502042.0	683052.0	921129.0	1216126.0	1687389.0	2535460.0	4691078.0	41181889.0	3.0
	12.0	13.0	14.0	15.0	16.0	17.0	18.0	19.0	20.0	21.0	22.0	23.0	24.0	25.0	26.0	27.0	28.0	29.0	30.0	31.0	32.0	33.0	34.0	35.0	36.0	37.0	38.0	39.0	40.0
fastqc | MantonBM2_HiSeq_4_S12_L006_R1_001	1.0	0.0	1.0	1.0	3.0	4.0	36.0	86.0	209.0	459.0	1166.0	2086.0	4494.0	10476.0	23043.0	46644.0	92128.0	171537.0	282867.0	436293.0	633221.0	845917.0	1108352.0	1412358.0	1870282.0	2625905.0	4395602.0	36036237.0	9.0
	15.0	16.0	17.0	18.0	19.0	20.0	21.0	22.0	23.0	24.0	25.0	26.0	27.0	28.0	29.0	30.0	31.0	32.0	33.0	34.0	35.0	36.0	37.0	38.0	39.0	40.0
fastqc | MantonBM2_HiSeq_5_S13_L005_R1_001	1.0	4.0	11.0	33.0	88.0	200.0	495.0	1146.0	2076.0	4314.0	9107.0	20020.0	39890.0	78435.0	147433.0	240884.0	374494.0	551455.0	749631.0	1011872.0	1333617.0	1856012.0	2785340.0	5145107.0	45222960.0	1.0
	16.0	17.0	18.0	19.0	20.0	21.0	22.0	23.0	24.0	25.0	26.0	27.0	28.0	29.0	30.0	31.0	32.0	33.0	34.0	35.0	36.0	37.0	38.0	39.0	40.0
fastqc | MantonBM2_HiSeq_5_S13_L006_R1_001	2.0	11.0	34.0	85.0	202.0	470.0	1142.0	2194.0	4808.0	10973.0	24667.0	50311.0	100043.0	188966.0	310960.0	479951.0	694754.0	924904.0	1217829.0	1551839.0	2050554.0	2883715.0	4819177.0	39460159.0	4.0
	15.0	16.0	17.0	18.0	19.0	20.0	21.0	22.0	23.0	24.0	25.0	26.0	27.0	28.0	29.0	30.0	31.0	32.0	33.0	34.0	35.0	36.0	37.0	38.0	39.0	40.0
fastqc | MantonBM2_HiSeq_6_S14_L005_R1_001	1.0	5.0	17.0	48.0	118.0	225.0	497.0	1305.0	2186.0	4401.0	9550.0	20751.0	41066.0	79522.0	148623.0	244987.0	379247.0	556848.0	752949.0	1016141.0	1336239.0	1860074.0	2787390.0	5152777.0	45079437.0	3.0
	14.0	15.0	16.0	17.0	18.0	19.0	20.0	21.0	22.0	23.0	24.0	25.0	26.0	27.0	28.0	29.0	30.0	31.0	32.0	33.0	34.0	35.0	36.0	37.0	38.0	39.0	40.0
fastqc | MantonBM2_HiSeq_6_S14_L006_R1_001	1.0	0.0	2.0	13.0	35.0	86.0	212.0	506.0	1218.0	2288.0	5057.0	11471.0	25889.0	52044.0	102932.0	191749.0	315880.0	484733.0	701950.0	931012.0	1225281.0	1559323.0	2056830.0	2891380.0	4836706.0	39420123.0	3.0
	14.0	15.0	16.0	17.0	18.0	19.0	20.0	21.0	22.0	23.0	24.0	25.0	26.0	27.0	28.0	29.0	30.0	31.0	32.0	33.0	34.0	35.0	36.0	37.0	38.0	39.0	40.0
fastqc | MantonBM2_HiSeq_7_S15_L005_R1_001	1.0	3.0	5.0	19.0	39.0	108.0	272.0	611.0	1390.0	2404.0	4776.0	10485.0	23037.0	45435.0	89434.0	167225.0	275167.0	428103.0	625906.0	854025.0	1150300.0	1519454.0	2116239.0	3176237.0	5861057.0	51520890.0	6.0
	14.0	15.0	16.0	17.0	18.0	19.0	20.0	21.0	22.0	23.0	24.0	25.0	26.0	27.0	28.0	29.0	30.0	31.0	32.0	33.0	34.0	35.0	36.0	37.0	38.0	39.0	40.0
fastqc | MantonBM2_HiSeq_7_S15_L006_R1_001	1.0	3.0	2.0	15.0	25.0	103.0	236.0	572.0	1355.0	2548.0	5478.0	12764.0	28769.0	57567.0	114603.0	214768.0	353816.0	544698.0	789148.0	1051683.0	1386468.0	1765945.0	2337125.0	3285152.0	5492976.0	44992514.0	7.0
	13.0	14.0	15.0	16.0	17.0	18.0	19.0	20.0	21.0	22.0	23.0	24.0	25.0	26.0	27.0	28.0	29.0	30.0	31.0	32.0	33.0	34.0	35.0	36.0	37.0	38.0	39.0	40.0
fastqc | MantonBM2_HiSeq_8_S16_L005_R1_001	1.0	2.0	2.0	6.0	15.0	38.0	89.0	219.0	530.0	1189.0	2087.0	4107.0	8756.0	18788.0	36862.0	72539.0	134537.0	221652.0	345195.0	502749.0	683887.0	920337.0	1213841.0	1683673.0	2524558.0	4661316.0	41044995.0	2.0
	14.0	15.0	16.0	17.0	18.0	19.0	20.0	21.0	22.0	23.0	24.0	25.0	26.0	27.0	28.0	29.0	30.0	31.0	32.0	33.0	34.0	35.0	36.0	37.0	38.0	39.0	40.0
fastqc | MantonBM2_HiSeq_8_S16_L006_R1_001	2.0	1.0	3.0	7.0	18.0	80.0	181.0	485.0	1163.0	2228.0	4706.0	10328.0	23479.0	46948.0	93109.0	173826.0	284155.0	437237.0	633658.0	841917.0	1108535.0	1412681.0	1863659.0	2620084.0	4374790.0	35827029.0	7.0
	12.0	13.0	14.0	15.0	16.0	17.0	18.0	19.0	20.0	21.0	22.0	23.0	24.0	25.0	26.0	27.0	28.0	29.0	30.0	31.0	32.0	33.0	34.0	35.0	36.0	37.0	38.0	39.0	40.0
fastqc | MantonBM3_HiSeq_1_S17_L003_R1_001	1.0	0.0	1.0	0.0	3.0	10.0	22.0	71.0	169.0	446.0	949.0	1746.0	3446.0	7788.0	17156.0	34886.0	68798.0	130545.0	217775.0	340709.0	506672.0	691668.0	940301.0	1244393.0	1715515.0	2613127.0	5043494.0	41438332.0	1.0
	14.0	15.0	16.0	17.0	18.0	19.0	20.0	21.0	22.0	23.0	24.0	25.0	26.0	27.0	28.0	29.0	30.0	31.0	32.0	33.0	34.0	35.0	36.0	37.0	38.0	39.0	40.0
fastqc | MantonBM3_HiSeq_1_S17_L004_R1_001	1.0	1.0	2.0	10.0	20.0	61.0	144.0	367.0	958.0	1895.0	4041.0	9169.0	20994.0	43278.0	85241.0	161901.0	266147.0	412067.0	599507.0	801745.0	1061418.0	1363725.0	1823979.0	2675040.0	4814003.0	37899668.0	6.0
	13.0	14.0	15.0	16.0	17.0	18.0	19.0	20.0	21.0	22.0	23.0	24.0	25.0	26.0	27.0	28.0	29.0	30.0	31.0	32.0	33.0	34.0	35.0	36.0	37.0	38.0	39.0	40.0
fastqc | MantonBM3_HiSeq_2_S18_L003_R1_001	2.0	1.0	7.0	5.0	17.0	37.0	100.0	306.0	657.0	1371.0	2596.0	5122.0	11249.0	24938.0	49858.0	98563.0	186262.0	309817.0	486327.0	719368.0	984415.0	1335234.0	1768215.0	2444918.0	3724900.0	7164502.0	58164831.0	2.0
	14.0	15.0	16.0	17.0	18.0	19.0	20.0	21.0	22.0	23.0	24.0	25.0	26.0	27.0	28.0	29.0	30.0	31.0	32.0	33.0	34.0	35.0	36.0	37.0	38.0	39.0	40.0
fastqc | MantonBM3_HiSeq_2_S18_L004_R1_001	1.0	1.0	2.0	10.0	36.0	103.0	219.0	559.0	1417.0	2689.0	5752.0	13228.0	29892.0	60436.0	120244.0	228181.0	374141.0	580537.0	841886.0	1127173.0	1491550.0	1916103.0	2566344.0	3761912.0	6755442.0	52601026.0	7.0
	13.0	14.0	15.0	16.0	17.0	18.0	19.0	20.0	21.0	22.0	23.0	24.0	25.0	26.0	27.0	28.0	29.0	30.0	31.0	32.0	33.0	34.0	35.0	36.0	37.0	38.0	39.0
fastqc | MantonBM3_HiSeq_3_S19_L003_R1_001	1.0	2.0	0.0	6.0	7.0	19.0	71.0	192.0	417.0	1012.0	1735.0	3593.0	7786.0	17392.0	34798.0	68312.0	131229.0	218941.0	343241.0	508118.0	695631.0	945624.0	1248607.0	1724795.0	2623511.0	5054974.0	41332365.0
	13.0	14.0	15.0	16.0	17.0	18.0	19.0	20.0	21.0	22.0	23.0	24.0	25.0	26.0	27.0	28.0	29.0	30.0	31.0	32.0	33.0	34.0	35.0	36.0	37.0	38.0	39.0	40.0
fastqc | MantonBM3_HiSeq_3_S19_L004_R1_001	1.0	1.0	0.0	0.0	13.0	27.0	57.0	149.0	388.0	969.0	1812.0	3986.0	9177.0	20983.0	42521.0	85158.0	160970.0	265941.0	410266.0	597788.0	798525.0	1055744.0	1354418.0	1819436.0	2661542.0	4783338.0	37482617.0	5.0
	15.0	16.0	17.0	18.0	19.0	20.0	21.0	22.0	23.0	24.0	25.0	26.0	27.0	28.0	29.0	30.0	31.0	32.0	33.0	34.0	35.0	36.0	37.0	38.0	39.0	40.0
fastqc | MantonBM3_HiSeq_4_S20_L003_R1_001	2.0	4.0	10.0	32.0	112.0	230.0	511.0	1218.0	2160.0	4522.0	9850.0	21751.0	43584.0	87343.0	164596.0	274915.0	431425.0	641332.0	879006.0	1194621.0	1581832.0	2186829.0	3342582.0	6429804.0	51666788.0	1.0
	14.0	15.0	16.0	17.0	18.0	19.0	20.0	21.0	22.0	23.0	24.0	25.0	26.0	27.0	28.0	29.0	30.0	31.0	32.0	33.0	34.0	35.0	36.0	37.0	38.0	39.0	40.0
fastqc | MantonBM3_HiSeq_4_S20_L004_R1_001	1.0	4.0	5.0	10.0	31.0	85.0	201.0	490.0	1205.0	2308.0	4974.0	11637.0	26891.0	53876.0	108449.0	202934.0	335693.0	521295.0	757421.0	1014390.0	1342106.0	1724902.0	2316712.0	3390465.0	6103022.0	47151590.0	6.0
	14.0	15.0	16.0	17.0	18.0	19.0	20.0	21.0	22.0	23.0	24.0	25.0	26.0	27.0	28.0	29.0	30.0	31.0	32.0	33.0	34.0	35.0	36.0	37.0	38.0	39.0	40.0
fastqc | MantonBM3_HiSeq_5_S21_L003_R1_001	2.0	2.0	3.0	16.0	32.0	81.0	159.0	427.0	980.0	1710.0	3478.0	7835.0	16868.0	34191.0	68352.0	129105.0	214682.0	336092.0	496656.0	682485.0	925864.0	1221461.0	1688839.0	2577466.0	4963409.0	39778594.0	2.0
	13.0	14.0	15.0	16.0	17.0	18.0	19.0	20.0	21.0	22.0	23.0	24.0	25.0	26.0	27.0	28.0	29.0	30.0	31.0	32.0	33.0	34.0	35.0	36.0	37.0	38.0	39.0	40.0
fastqc | MantonBM3_HiSeq_5_S21_L004_R1_001	1.0	1.0	0.0	2.0	6.0	18.0	69.0	141.0	393.0	984.0	1847.0	3794.0	9132.0	20622.0	41582.0	83583.0	156882.0	257858.0	398118.0	580999.0	775921.0	1024821.0	1316693.0	1767543.0	2587001.0	4658708.0	35922298.0	4.0
	14.0	15.0	16.0	17.0	18.0	19.0	20.0	21.0	22.0	23.0	24.0	25.0	26.0	27.0	28.0	29.0	30.0	31.0	32.0	33.0	34.0	35.0	36.0	37.0	38.0	39.0	40.0
fastqc | MantonBM3_HiSeq_6_S22_L003_R1_001	3.0	2.0	3.0	14.0	36.0	79.0	174.0	401.0	948.0	1716.0	3606.0	7895.0	17395.0	34816.0	69020.0	130982.0	216912.0	339835.0	501852.0	686187.0	932622.0	1227424.0	1691927.0	2569084.0	4947812.0	41073323.0	4.0
	13.0	14.0	15.0	16.0	17.0	18.0	19.0	20.0	21.0	22.0	23.0	24.0	25.0	26.0	27.0	28.0	29.0	30.0	31.0	32.0	33.0	34.0	35.0	36.0	37.0	38.0	39.0	40.0
fastqc | MantonBM3_HiSeq_6_S22_L004_R1_001	1.0	1.0	1.0	0.0	10.0	21.0	70.0	151.0	378.0	947.0	1813.0	4040.0	9135.0	20764.0	41957.0	84197.0	159444.0	262760.0	407062.0	589666.0	787252.0	1040861.0	1331732.0	1783759.0	2602610.0	4679736.0	37095916.0	7.0
	15.0	16.0	17.0	18.0	19.0	20.0	21.0	22.0	23.0	24.0	25.0	26.0	27.0	28.0	29.0	30.0	31.0	32.0	33.0	34.0	35.0	36.0	37.0	38.0	39.0	40.0
fastqc | MantonBM3_HiSeq_7_S23_L003_R1_001	2.0	1.0	5.0	28.0	68.0	162.0	385.0	943.0	1641.0	3313.0	7293.0	16156.0	31608.0	63323.0	118756.0	197758.0	309822.0	457419.0	625810.0	845987.0	1115899.0	1538451.0	2335667.0	4486373.0	37120029.0	2.0
	16.0	17.0	18.0	19.0	20.0	21.0	22.0	23.0	24.0	25.0	26.0	27.0	28.0	29.0	30.0	31.0	32.0	33.0	34.0	35.0	36.0	37.0	38.0	39.0	40.0
fastqc | MantonBM3_HiSeq_7_S23_L004_R1_001	2.0	11.0	17.0	61.0	140.0	392.0	878.0	1695.0	3712.0	8515.0	18949.0	38666.0	76678.0	144941.0	237752.0	366403.0	529981.0	710469.0	938575.0	1201784.0	1604611.0	2344264.0	4213645.0	33235323.0	7.0
	14.0	15.0	16.0	17.0	18.0	19.0	20.0	21.0	22.0	23.0	24.0	25.0	26.0	27.0	28.0	29.0	30.0	31.0	32.0	33.0	34.0	35.0	36.0	37.0	38.0	39.0	40.0
fastqc | MantonBM3_HiSeq_8_S24_L003_R1_001	1.0	0.0	3.0	11.0	27.0	70.0	173.0	429.0	1012.0	1647.0	3454.0	7662.0	16813.0	34025.0	67591.0	127890.0	212313.0	331973.0	492233.0	672863.0	913265.0	1207906.0	1669826.0	2541774.0	4882351.0	39856097.0	4.0
	12.0	13.0	14.0	15.0	16.0	17.0	18.0	19.0	20.0	21.0	22.0	23.0	24.0	25.0	26.0	27.0	28.0	29.0	30.0	31.0	32.0	33.0	34.0	35.0	36.0	37.0	38.0	39.0	40.0
fastqc | MantonBM3_HiSeq_8_S24_L004_R1_001	1.0	1.0	1.0	3.0	3.0	15.0	20.0	62.0	140.0	380.0	989.0	1866.0	3917.0	9008.0	20570.0	41996.0	83340.0	157566.0	259481.0	401439.0	583109.0	781055.0	1031738.0	1320401.0	1774072.0	2596131.0	4665421.0	36316053.0	3.0
	14.0	15.0	16.0	17.0	18.0	19.0	20.0	21.0	22.0	23.0	24.0	25.0	26.0	27.0	28.0	29.0	30.0	31.0	32.0	33.0	34.0	35.0	36.0	37.0	38.0	39.0	40.0
fastqc | MantonBM4_HiSeq_1_S25_L001_R1_001	2.0	6.0	9.0	20.0	31.0	90.0	232.0	508.0	1201.0	2141.0	4373.0	9696.0	21032.0	42636.0	84717.0	159477.0	263596.0	411147.0	603747.0	822437.0	1109440.0	1454648.0	2000352.0	3009741.0	5645196.0	45992395.0	4.0
	14.0	15.0	16.0	17.0	18.0	19.0	20.0	21.0	22.0	23.0	24.0	25.0	26.0	27.0	28.0	29.0	30.0	31.0	32.0	33.0	34.0	35.0	36.0	37.0	38.0	39.0	40.0
fastqc | MantonBM4_HiSeq_1_S25_L002_R1_001	2.0	6.0	4.0	21.0	44.0	135.0	269.0	613.0	1430.0	2612.0	5344.0	11451.0	24692.0	48077.0	94255.0	175614.0	287406.0	447003.0	651142.0	878518.0	1172352.0	1514892.0	2039640.0	2941390.0	5212044.0	44982253.0	3.0
	13.0	14.0	15.0	16.0	17.0	18.0	19.0	20.0	21.0	22.0	23.0	24.0	25.0	26.0	27.0	28.0	29.0	30.0	31.0	32.0	33.0	34.0	35.0	36.0	37.0	38.0	39.0	40.0
fastqc | MantonBM4_HiSeq_2_S26_L001_R1_001	1.0	2.0	2.0	9.0	20.0	42.0	92.0	182.0	451.0	1089.0	1898.0	3921.0	8673.0	19177.0	38017.0	74784.0	140201.0	230993.0	360927.0	530031.0	725308.0	983522.0	1299783.0	1800869.0	2722758.0	5062608.0	38601611.0	4.0
	13.0	14.0	15.0	16.0	17.0	18.0	19.0	20.0	21.0	22.0	23.0	24.0	25.0	26.0	27.0	28.0	29.0	30.0	31.0	32.0	33.0	34.0	35.0	36.0	37.0	38.0	39.0	40.0
fastqc | MantonBM4_HiSeq_2_S26_L002_R1_001	1.0	1.0	0.0	2.0	26.0	38.0	123.0	224.0	533.0	1247.0	2221.0	4536.0	9875.0	21219.0	41226.0	79739.0	148820.0	242960.0	375328.0	549734.0	743215.0	996379.0	1301096.0	1765153.0	2569026.0	4562742.0	35842871.0	3.0
	12.0	13.0	14.0	15.0	16.0	17.0	18.0	19.0	20.0	21.0	22.0	23.0	24.0	25.0	26.0	27.0	28.0	29.0	30.0	31.0	32.0	33.0	34.0	35.0	36.0	37.0	38.0	39.0	40.0
fastqc | MantonBM4_HiSeq_3_S27_L001_R1_001	1.0	1.0	0.0	5.0	3.0	16.0	32.0	85.0	162.0	438.0	1013.0	2007.0	3863.0	8655.0	19181.0	38414.0	76156.0	142445.0	236285.0	366095.0	538943.0	733981.0	990610.0	1301544.0	1798636.0	2709365.0	5090028.0	40525643.0	7.0
	15.0	16.0	17.0	18.0	19.0	20.0	21.0	22.0	23.0	24.0	25.0	26.0	27.0	28.0	29.0	30.0	31.0	32.0	33.0	34.0	35.0	36.0	37.0	38.0	39.0	40.0
fastqc | MantonBM4_HiSeq_3_S27_L002_R1_001	1.0	7.0	21.0	37.0	104.0	261.0	555.0	1378.0	2417.0	4774.0	10234.0	21997.0	42740.0	83012.0	154741.0	252832.0	390108.0	569211.0	769687.0	1028249.0	1331028.0	1791818.0	2594394.0	4611703.0	39007029.0	2.0
	15.0	16.0	17.0	18.0	19.0	20.0	21.0	22.0	23.0	24.0	25.0	26.0	27.0	28.0	29.0	30.0	31.0	32.0	33.0	34.0	35.0	36.0	37.0	38.0	39.0	40.0
fastqc | MantonBM4_HiSeq_4_S28_L001_R1_001	6.0	9.0	20.0	42.0	66.0	202.0	451.0	1098.0	1995.0	4117.0	8997.0	19708.0	39412.0	77825.0	145784.0	241803.0	373445.0	547849.0	745126.0	1002190.0	1313330.0	1806432.0	2712984.0	5090465.0	41841984.0	6.0
	12.0	13.0	14.0	15.0	16.0	17.0	18.0	19.0	20.0	21.0	22.0	23.0	24.0	25.0	26.0	27.0	28.0	29.0	30.0	31.0	32.0	33.0	34.0	35.0	36.0	37.0	38.0	39.0	40.0
fastqc | MantonBM4_HiSeq_4_S28_L002_R1_001	1.0	0.0	2.0	3.0	4.0	26.0	40.0	133.0	263.0	643.0	1413.0	2467.0	5036.0	10348.0	22615.0	43844.0	85738.0	158794.0	259161.0	401443.0	582822.0	785627.0	1046083.0	1349998.0	1815360.0	2618645.0	4645489.0	40429560.0	3.0
	12.0	13.0	14.0	15.0	16.0	17.0	18.0	19.0	20.0	21.0	22.0	23.0	24.0	25.0	26.0	27.0	28.0	29.0	30.0	31.0	32.0	33.0	34.0	35.0	36.0	37.0	38.0	39.0	40.0
fastqc | MantonBM4_HiSeq_5_S29_L001_R1_001	1.0	0.0	3.0	5.0	4.0	22.0	53.0	68.0	215.0	516.0	1164.0	2053.0	4305.0	9457.0	20942.0	42293.0	82271.0	154574.0	254541.0	398491.0	582761.0	793297.0	1071255.0	1404564.0	1939311.0	2916288.0	5473494.0	43971478.0	4.0
	14.0	15.0	16.0	17.0	18.0	19.0	20.0	21.0	22.0	23.0	24.0	25.0	26.0	27.0	28.0	29.0	30.0	31.0	32.0	33.0	34.0	35.0	36.0	37.0	38.0	39.0	40.0
fastqc | MantonBM4_HiSeq_5_S29_L002_R1_001	1.0	4.0	4.0	25.0	56.0	134.0	279.0	645.0	1424.0	2460.0	4949.0	10913.0	23739.0	45579.0	87784.0	163450.0	267504.0	413779.0	605037.0	813072.0	1085452.0	1403504.0	1892305.0	2735885.0	4862309.0	41294339.0	2.0
	13.0	14.0	15.0	16.0	17.0	18.0	19.0	20.0	21.0	22.0	23.0	24.0	25.0	26.0	27.0	28.0	29.0	30.0	31.0	32.0	33.0	34.0	35.0	36.0	37.0	38.0	39.0	40.0
fastqc | MantonBM4_HiSeq_6_S30_L001_R1_001	2.0	2.0	2.0	5.0	23.0	42.0	92.0	171.0	476.0	1070.0	1848.0	3974.0	8731.0	19185.0	38902.0	76485.0	144274.0	239341.0	371352.0	545566.0	740550.0	999465.0	1310208.0	1801200.0	2705489.0	5076281.0	41128356.0	2.0
	13.0	14.0	15.0	16.0	17.0	18.0	19.0	20.0	21.0	22.0	23.0	24.0	25.0	26.0	27.0	28.0	29.0	30.0	31.0	32.0	33.0	34.0	35.0	36.0	37.0	38.0	39.0	40.0
fastqc | MantonBM4_HiSeq_6_S30_L002_R1_001	1.0	3.0	0.0	2.0	15.0	43.0	106.0	258.0	503.0	1325.0	2347.0	4561.0	10007.0	21452.0	42125.0	82631.0	152832.0	251874.0	388974.0	565527.0	763245.0	1017253.0	1313473.0	1767920.0	2550171.0	4524000.0	38790219.0	6.0
	13.0	14.0	15.0	16.0	17.0	18.0	19.0	20.0	21.0	22.0	23.0	24.0	25.0	26.0	27.0	28.0	29.0	30.0	31.0	32.0	33.0	34.0	35.0	36.0	37.0	38.0	39.0	40.0
fastqc | MantonBM4_HiSeq_7_S31_L001_R1_001	1.0	0.0	6.0	6.0	12.0	43.0	74.0	196.0	458.0	1060.0	1904.0	3923.0	8651.0	19381.0	38109.0	76071.0	142836.0	235367.0	366504.0	538160.0	728529.0	981677.0	1289183.0	1769377.0	2655894.0	4981020.0	40781550.0	3.0
	12.0	13.0	14.0	15.0	16.0	17.0	18.0	19.0	20.0	21.0	22.0	23.0	24.0	25.0	26.0	27.0	28.0	29.0	30.0	31.0	32.0	33.0	34.0	35.0	36.0	37.0	38.0	39.0	40.0
fastqc | MantonBM4_HiSeq_7_S31_L002_R1_001	1.0	0.0	0.0	2.0	8.0	23.0	38.0	110.0	275.0	612.0	1282.0	2283.0	4636.0	10161.0	21821.0	42535.0	81983.0	152886.0	249373.0	385257.0	561977.0	756181.0	1007378.0	1299741.0	1747869.0	2523261.0	4464551.0	38621456.0	5.0
	14.0	15.0	16.0	17.0	18.0	19.0	20.0	21.0	22.0	23.0	24.0	25.0	26.0	27.0	28.0	29.0	30.0	31.0	32.0	33.0	34.0	35.0	36.0	37.0	38.0	39.0	40.0
fastqc | MantonBM4_HiSeq_8_S32_L001_R1_001	1.0	3.0	10.0	17.0	25.0	108.0	202.0	459.0	1083.0	1966.0	4179.0	9337.0	20930.0	42399.0	83245.0	156118.0	259227.0	403051.0	593540.0	806255.0	1090293.0	1429589.0	1968100.0	2957045.0	5565623.0	45747576.0	5.0
	14.0	15.0	16.0	17.0	18.0	19.0	20.0	21.0	22.0	23.0	24.0	25.0	26.0	27.0	28.0	29.0	30.0	31.0	32.0	33.0	34.0	35.0	36.0	37.0	38.0	39.0	40.0
fastqc | MantonBM4_HiSeq_8_S32_L002_R1_001	1.0	1.0	8.0	23.0	48.0	139.0	309.0	650.0	1466.0	2706.0	5271.0	11378.0	24515.0	48519.0	94131.0	175123.0	287549.0	446996.0	652021.0	878453.0	1170989.0	1514179.0	2036705.0	2937831.0	5202340.0	45383613.0	8.0
	13.0	14.0	15.0	16.0	17.0	18.0	19.0	20.0	21.0	22.0	23.0	24.0	25.0	26.0	27.0	28.0	29.0	30.0	31.0	32.0	33.0	34.0	35.0	36.0	37.0	38.0	39.0	40.0
fastqc | MantonBM5_HiSeq_1_S1_L001_R1_001	3.0	6.0	7.0	11.0	43.0	92.0	151.0	348.0	695.0	1459.0	2630.0	5060.0	10644.0	21381.0	38146.0	70077.0	119663.0	183030.0	274987.0	392971.0	544281.0	760435.0	1079314.0	1626194.0	2808002.0	5848183.0	47060025.0	1.0
	12.0	13.0	14.0	15.0	16.0	17.0	18.0	19.0	20.0	21.0	22.0	23.0	24.0	25.0	26.0	27.0	28.0	29.0	30.0	31.0	32.0	33.0	34.0	35.0	36.0	37.0	38.0	39.0
fastqc | MantonBM5_HiSeq_1_S1_L002_R1_001	1.0	2.0	6.0	13.0	13.0	35.0	74.0	139.0	328.0	621.0	1291.0	2340.0	4777.0	10198.0	20770.0	38126.0	69964.0	119170.0	182025.0	271439.0	384643.0	523880.0	722430.0	1001435.0	1490334.0	2572850.0	5378499.0	49234222.0
	13.0	14.0	15.0	16.0	17.0	18.0	19.0	20.0	21.0	22.0	23.0	24.0	25.0	26.0	27.0	28.0	29.0	30.0	31.0	32.0	33.0	34.0	35.0	36.0	37.0	38.0	39.0	40.0
fastqc | MantonBM5_HiSeq_2_S2_L001_R1_001	1.0	5.0	8.0	20.0	25.0	83.0	169.0	342.0	728.0	1570.0	2755.0	5266.0	11380.0	22620.0	40760.0	73498.0	125684.0	191886.0	288489.0	412054.0	573270.0	801226.0	1137042.0	1712734.0	2944198.0	6081553.0	48030927.0	1.0
	12.0	13.0	14.0	15.0	16.0	17.0	18.0	19.0	20.0	21.0	22.0	23.0	24.0	25.0	26.0	27.0	28.0	29.0	30.0	31.0	32.0	33.0	34.0	35.0	36.0	37.0	38.0	39.0
fastqc | MantonBM5_HiSeq_2_S2_L002_R1_001	2.0	1.0	12.0	7.0	13.0	40.0	60.0	162.0	268.0	660.0	1335.0	2447.0	5027.0	10662.0	21829.0	40257.0	72897.0	125194.0	191056.0	285242.0	403521.0	551020.0	759083.0	1054450.0	1568893.0	2695649.0	5611726.0	50273869.0
	12.0	13.0	14.0	15.0	16.0	17.0	18.0	19.0	20.0	21.0	22.0	23.0	24.0	25.0	26.0	27.0	28.0	29.0	30.0	31.0	32.0	33.0	34.0	35.0	36.0	37.0	38.0	39.0
fastqc | MantonBM5_HiSeq_3_S3_L001_R1_001	2.0	7.0	3.0	10.0	14.0	44.0	86.0	167.0	336.0	749.0	1543.0	2642.0	5317.0	11171.0	22395.0	40123.0	72963.0	124540.0	191221.0	285412.0	410642.0	569338.0	796578.0	1134657.0	1713236.0	2966271.0	6162365.0	49251220.0
	12.0	13.0	14.0	15.0	16.0	17.0	18.0	19.0	20.0	21.0	22.0	23.0	24.0	25.0	26.0	27.0	28.0	29.0	30.0	31.0	32.0	33.0	34.0	35.0	36.0	37.0	38.0	39.0
fastqc | MantonBM5_HiSeq_3_S3_L002_R1_001	1.0	4.0	6.0	13.0	17.0	48.0	62.0	150.0	309.0	590.0	1360.0	2383.0	4756.0	10893.0	21660.0	39753.0	72735.0	124332.0	190335.0	285311.0	403797.0	551141.0	762621.0	1060344.0	1577805.0	2722207.0	5682921.0	51445328.0
	13.0	14.0	15.0	16.0	17.0	18.0	19.0	20.0	21.0	22.0	23.0	24.0	25.0	26.0	27.0	28.0	29.0	30.0	31.0	32.0	33.0	34.0	35.0	36.0	37.0	38.0	39.0
fastqc | MantonBM5_HiSeq_4_S4_L001_R1_001	1.0	5.0	17.0	16.0	53.0	65.0	192.0	356.0	752.0	1537.0	2712.0	5061.0	10901.0	21713.0	38952.0	70910.0	119779.0	183087.0	276153.0	393404.0	544899.0	764863.0	1085082.0	1639158.0	2827865.0	5891559.0	47230379.0
	13.0	14.0	15.0	16.0	17.0	18.0	19.0	20.0	21.0	22.0	23.0	24.0	25.0	26.0	27.0	28.0	29.0	30.0	31.0	32.0	33.0	34.0	35.0	36.0	37.0	38.0	39.0	40.0
fastqc | MantonBM5_HiSeq_4_S4_L002_R1_001	5.0	7.0	10.0	19.0	40.0	63.0	153.0	294.0	663.0	1366.0	2427.0	4842.0	10444.0	21169.0	38314.0	69502.0	119060.0	182981.0	272576.0	384861.0	525717.0	724669.0	1007181.0	1498499.0	2590685.0	5424061.0	49323124.0	1.0
	13.0	14.0	15.0	16.0	17.0	18.0	19.0	20.0	21.0	22.0	23.0	24.0	25.0	26.0	27.0	28.0	29.0	30.0	31.0	32.0	33.0	34.0	35.0	36.0	37.0	38.0	39.0	40.0
fastqc | MantonBM5_HiSeq_5_S5_L001_R1_001	5.0	8.0	5.0	9.0	48.0	82.0	184.0	368.0	763.0	1567.0	2749.0	5455.0	11582.0	22740.0	41220.0	74059.0	126097.0	193009.0	289817.0	415496.0	575764.0	809585.0	1152567.0	1735224.0	2988840.0	6146150.0	48057996.0	2.0
	13.0	14.0	15.0	16.0	17.0	18.0	19.0	20.0	21.0	22.0	23.0	24.0	25.0	26.0	27.0	28.0	29.0	30.0	31.0	32.0	33.0	34.0	35.0	36.0	37.0	38.0	39.0	40.0
fastqc | MantonBM5_HiSeq_5_S5_L002_R1_001	4.0	11.0	9.0	23.0	35.0	69.0	139.0	316.0	658.0	1448.0	2529.0	4991.0	10772.0	22078.0	40439.0	73540.0	125312.0	191280.0	285289.0	405340.0	551758.0	764640.0	1065592.0	1587355.0	2739920.0	5692277.0	50406992.0	2.0
	13.0	14.0	15.0	16.0	17.0	18.0	19.0	20.0	21.0	22.0	23.0	24.0	25.0	26.0	27.0	28.0	29.0	30.0	31.0	32.0	33.0	34.0	35.0	36.0	37.0	38.0	39.0	40.0
fastqc | MantonBM5_HiSeq_6_S6_L001_R1_001	5.0	6.0	8.0	15.0	32.0	80.0	152.0	346.0	747.0	1525.0	2619.0	4939.0	10630.0	21233.0	38683.0	69784.0	118447.0	183115.0	275471.0	391961.0	545762.0	765762.0	1088577.0	1641129.0	2827719.0	5881518.0	47002565.0	1.0
	13.0	14.0	15.0	16.0	17.0	18.0	19.0	20.0	21.0	22.0	23.0	24.0	25.0	26.0	27.0	28.0	29.0	30.0	31.0	32.0	33.0	34.0	35.0	36.0	37.0	38.0	39.0
fastqc | MantonBM5_HiSeq_6_S6_L002_R1_001	2.0	6.0	10.0	21.0	54.0	63.0	160.0	300.0	592.0	1357.0	2386.0	4720.0	10100.0	20830.0	37708.0	69514.0	118729.0	182902.0	272484.0	386226.0	527910.0	728735.0	1013718.0	1506327.0	2601285.0	5422857.0	49156814.0
	12.0	13.0	14.0	15.0	16.0	17.0	18.0	19.0	20.0	21.0	22.0	23.0	24.0	25.0	26.0	27.0	28.0	29.0	30.0	31.0	32.0	33.0	34.0	35.0	36.0	37.0	38.0	39.0
fastqc | MantonBM5_HiSeq_7_S7_L001_R1_001	1.0	2.0	2.0	4.0	15.0	25.0	60.0	141.0	265.0	541.0	1179.0	1932.0	3860.0	7978.0	16062.0	29275.0	53028.0	90608.0	139562.0	208132.0	296870.0	409294.0	569896.0	804050.0	1212544.0	2094845.0	4416564.0	36748720.0
	13.0	14.0	15.0	16.0	17.0	18.0	19.0	20.0	21.0	22.0	23.0	24.0	25.0	26.0	27.0	28.0	29.0	30.0	31.0	32.0	33.0	34.0	35.0	36.0	37.0	38.0	39.0
fastqc | MantonBM5_HiSeq_7_S7_L002_R1_001	7.0	8.0	9.0	13.0	28.0	51.0	104.0	242.0	465.0	1003.0	1782.0	3605.0	7875.0	15935.0	28926.0	52951.0	90452.0	138626.0	206806.0	292475.0	397124.0	544351.0	752144.0	1113668.0	1922567.0	4045284.0	38154116.0
	12.0	13.0	14.0	15.0	16.0	17.0	18.0	19.0	20.0	21.0	22.0	23.0	24.0	25.0	26.0	27.0	28.0	29.0	30.0	31.0	32.0	33.0	34.0	35.0	36.0	37.0	38.0	39.0
fastqc | MantonBM5_HiSeq_8_S8_L001_R1_001	1.0	1.0	4.0	6.0	21.0	41.0	77.0	172.0	358.0	645.0	1430.0	2494.0	4717.0	10126.0	19592.0	35388.0	63966.0	108924.0	167241.0	251783.0	359138.0	497766.0	696810.0	990277.0	1496097.0	2579964.0	5374477.0	43027749.0
	12.0	13.0	14.0	15.0	16.0	17.0	18.0	19.0	20.0	21.0	22.0	23.0	24.0	25.0	26.0	27.0	28.0	29.0	30.0	31.0	32.0	33.0	34.0	35.0	36.0	37.0	38.0	39.0	40.0
fastqc | MantonBM5_HiSeq_8_S8_L002_R1_001	1.0	4.0	8.0	10.0	16.0	26.0	69.0	146.0	261.0	572.0	1287.0	2198.0	4555.0	9576.0	19405.0	35159.0	64053.0	109763.0	167576.0	249787.0	354506.0	483125.0	667622.0	927347.0	1378383.0	2375790.0	4957365.0	44869716.0	2.0
	12.0	13.0	14.0	15.0	16.0	17.0	18.0	19.0	20.0	21.0	22.0	23.0	24.0	25.0	26.0	27.0	28.0	29.0	30.0	31.0	32.0	33.0	34.0	35.0	36.0	37.0	38.0	39.0
fastqc | MantonBM6_HiSeq_1_S9_L003_R1_001	1.0	2.0	11.0	11.0	17.0	52.0	106.0	235.0	412.0	871.0	1800.0	2868.0	5424.0	10644.0	20043.0	35362.0	61868.0	104698.0	159060.0	238782.0	342161.0	476589.0	675862.0	987375.0	1574763.0	2731514.0	5858079.0	53371502.0
	13.0	14.0	15.0	16.0	17.0	18.0	19.0	20.0	21.0	22.0	23.0	24.0	25.0	26.0	27.0	28.0	29.0	30.0	31.0	32.0	33.0	34.0	35.0	36.0	37.0	38.0	39.0
fastqc | MantonBM6_HiSeq_1_S9_L004_R1_001	3.0	4.0	11.0	22.0	49.0	90.0	189.0	405.0	893.0	1805.0	3057.0	5413.0	10823.0	20539.0	35724.0	63154.0	106162.0	161773.0	241224.0	343167.0	474420.0	667809.0	955219.0	1460312.0	2563824.0	5700299.0	54199666.0
	12.0	13.0	14.0	15.0	16.0	17.0	18.0	19.0	20.0	21.0	22.0	23.0	24.0	25.0	26.0	27.0	28.0	29.0	30.0	31.0	32.0	33.0	34.0	35.0	36.0	37.0	38.0	39.0
fastqc | MantonBM6_HiSeq_2_S10_L003_R1_001	3.0	9.0	5.0	16.0	23.0	68.0	106.0	203.0	445.0	920.0	1795.0	2929.0	5356.0	10771.0	20742.0	36397.0	63883.0	108345.0	166149.0	249418.0	355968.0	497256.0	703964.0	1028712.0	1643455.0	2846824.0	6126517.0	56573817.0
	13.0	14.0	15.0	16.0	17.0	18.0	19.0	20.0	21.0	22.0	23.0	24.0	25.0	26.0	27.0	28.0	29.0	30.0	31.0	32.0	33.0	34.0	35.0	36.0	37.0	38.0	39.0
fastqc | MantonBM6_HiSeq_2_S10_L004_R1_001	3.0	4.0	18.0	6.0	46.0	84.0	190.0	389.0	816.0	1786.0	2932.0	5552.0	11174.0	20993.0	36922.0	65444.0	110245.0	167008.0	250910.0	359693.0	494097.0	695624.0	992341.0	1524253.0	2664955.0	5947891.0	57464838.0
	13.0	14.0	15.0	16.0	17.0	18.0	19.0	20.0	21.0	22.0	23.0	24.0	25.0	26.0	27.0	28.0	29.0	30.0	31.0	32.0	33.0	34.0	35.0	36.0	37.0	38.0	39.0	40.0
fastqc | MantonBM6_HiSeq_4_S11_L003_R1_001	5.0	5.0	8.0	25.0	43.0	98.0	227.0	430.0	897.0	1835.0	2892.0	5347.0	10489.0	20168.0	35218.0	61895.0	105137.0	159663.0	239968.0	342944.0	476102.0	674679.0	985250.0	1571579.0	2719274.0	5859666.0	54476680.0	1.0
	12.0	13.0	14.0	15.0	16.0	17.0	18.0	19.0	20.0	21.0	22.0	23.0	24.0	25.0	26.0	27.0	28.0	29.0	30.0	31.0	32.0	33.0	34.0	35.0	36.0	37.0	38.0	39.0
fastqc | MantonBM6_HiSeq_4_S11_L004_R1_001	2.0	5.0	8.0	11.0	19.0	52.0	100.0	194.0	443.0	846.0	1782.0	2944.0	5400.0	10521.0	20393.0	35717.0	62997.0	106431.0	161365.0	241369.0	343728.0	474463.0	665966.0	951708.0	1454092.0	2540645.0	5676305.0	55287961.0
	13.0	14.0	15.0	16.0	17.0	18.0	19.0	20.0	21.0	22.0	23.0	24.0	25.0	26.0	27.0	28.0	29.0	30.0	31.0	32.0	33.0	34.0	35.0	36.0	37.0	38.0	39.0	40.0
fastqc | MantonBM6_HiSeq_5_S12_L003_R1_001	2.0	4.0	12.0	14.0	44.0	103.0	208.0	401.0	821.0	1672.0	2792.0	5232.0	10214.0	19416.0	34220.0	61951.0	104663.0	161562.0	244377.0	352487.0	497893.0	713121.0	1052716.0	1683044.0	2931223.0	6214469.0	53138329.0	1.0
	12.0	13.0	14.0	15.0	16.0	17.0	18.0	19.0	20.0	21.0	22.0	23.0	24.0	25.0	26.0	27.0	28.0	29.0	30.0	31.0	32.0	33.0	34.0	35.0	36.0	37.0	38.0	39.0
fastqc | MantonBM6_HiSeq_5_S12_L004_R1_001	3.0	1.0	4.0	7.0	18.0	62.0	74.0	194.0	380.0	793.0	1651.0	2859.0	5292.0	10395.0	20139.0	34982.0	62502.0	105223.0	162098.0	243962.0	353010.0	493062.0	699740.0	1009990.0	1556203.0	2739521.0	6052910.0	54060420.0
	12.0	13.0	14.0	15.0	16.0	17.0	18.0	19.0	20.0	21.0	22.0	23.0	24.0	25.0	26.0	27.0	28.0	29.0	30.0	31.0	32.0	33.0	34.0	35.0	36.0	37.0	38.0	39.0
fastqc | MantonBM6_HiSeq_6_S13_L003_R1_001	1.0	5.0	5.0	12.0	25.0	70.0	111.0	232.0	455.0	946.0	1969.0	3236.0	5819.0	11544.0	22168.0	38495.0	68319.0	115485.0	176568.0	265174.0	378718.0	527036.0	747711.0	1092187.0	1741743.0	3018606.0	6486983.0	59588924.0
	12.0	13.0	14.0	15.0	16.0	17.0	18.0	19.0	20.0	21.0	22.0	23.0	24.0	25.0	26.0	27.0	28.0	29.0	30.0	31.0	32.0	33.0	34.0	35.0	36.0	37.0	38.0	39.0
fastqc | MantonBM6_HiSeq_6_S13_L004_R1_001	1.0	7.0	4.0	14.0	24.0	61.0	114.0	212.0	442.0	962.0	1859.0	3237.0	5979.0	11656.0	22323.0	39377.0	69307.0	117123.0	177803.0	266173.0	379668.0	525552.0	738401.0	1052943.0	1617070.0	2829198.0	6300990.0	60493663.0
	12.0	13.0	14.0	15.0	16.0	17.0	18.0	19.0	20.0	21.0	22.0	23.0	24.0	25.0	26.0	27.0	28.0	29.0	30.0	31.0	32.0	33.0	34.0	35.0	36.0	37.0	38.0	39.0
fastqc | MantonBM6_HiSeq_7_S14_L003_R1_001	1.0	1.0	11.0	16.0	23.0	51.0	116.0	225.0	448.0	857.0	1759.0	2802.0	5181.0	10241.0	19537.0	34106.0	60544.0	102749.0	157705.0	236212.0	338874.0	471198.0	667266.0	975624.0	1555391.0	2690512.0	5790595.0	53564850.0
	12.0	13.0	14.0	15.0	16.0	17.0	18.0	19.0	20.0	21.0	22.0	23.0	24.0	25.0	26.0	27.0	28.0	29.0	30.0	31.0	32.0	33.0	34.0	35.0	36.0	37.0	38.0	39.0	40.0
fastqc | MantonBM6_HiSeq_7_S14_L004_R1_001	2.0	6.0	2.0	13.0	21.0	57.0	85.0	208.0	411.0	842.0	1716.0	2851.0	5252.0	10505.0	20053.0	35191.0	62175.0	104072.0	159468.0	239459.0	340032.0	469844.0	659896.0	941082.0	1442244.0	2518695.0	5616784.0	54390771.0	1.0
	13.0	14.0	15.0	16.0	17.0	18.0	19.0	20.0	21.0	22.0	23.0	24.0	25.0	26.0	27.0	28.0	29.0	30.0	31.0	32.0	33.0	34.0	35.0	36.0	37.0	38.0	39.0
fastqc | MantonBM6_HiSeq_8_S15_L003_R1_001	1.0	6.0	14.0	32.0	50.0	119.0	226.0	456.0	927.0	1824.0	3096.0	5519.0	11111.0	21001.0	36203.0	64895.0	109148.0	167003.0	250941.0	359346.0	500162.0	708606.0	1032877.0	1647988.0	2850158.0	6129164.0	56432802.0
	13.0	14.0	15.0	16.0	17.0	18.0	19.0	20.0	21.0	22.0	23.0	24.0	25.0	26.0	27.0	28.0	29.0	30.0	31.0	32.0	33.0	34.0	35.0	36.0	37.0	38.0	39.0
fastqc | MantonBM6_HiSeq_8_S15_L004_R1_001	3.0	6.0	8.0	17.0	59.0	107.0	189.0	401.0	905.0	1803.0	2973.0	5683.0	11200.0	21399.0	37168.0	66272.0	111094.0	170128.0	252813.0	361778.0	499511.0	699715.0	997228.0	1529712.0	2667323.0	5958218.0	57323754.0
	13.0	14.0	15.0	16.0	17.0	18.0	19.0	20.0	21.0	22.0	23.0	24.0	25.0	26.0	27.0	28.0	29.0	30.0	31.0	32.0	33.0	34.0	35.0	36.0	37.0	38.0	39.0
fastqc | MantonBM7_HiSeq_1_S16_L005_R1_001	2.0	4.0	15.0	39.0	86.0	184.0	412.0	729.0	1275.0	2470.0	3532.0	5772.0	9801.0	15949.0	23891.0	37758.0	58602.0	85453.0	126158.0	182558.0	261801.0	386446.0	586076.0	941728.0	1744289.0	4049893.0	30105523.0
	13.0	14.0	15.0	16.0	17.0	18.0	19.0	20.0	21.0	22.0	23.0	24.0	25.0	26.0	27.0	28.0	29.0	30.0	31.0	32.0	33.0	34.0	35.0	36.0	37.0	38.0	39.0
fastqc | MantonBM7_HiSeq_1_S16_L006_R1_001	2.0	4.0	13.0	20.0	64.0	178.0	353.0	616.0	1176.0	2237.0	3451.0	5677.0	9750.0	16231.0	25345.0	41300.0	65117.0	96366.0	142766.0	205497.0	293401.0	431484.0	638887.0	1001421.0	1749456.0	3882699.0	37275224.0
	14.0	15.0	16.0	17.0	18.0	19.0	20.0	21.0	22.0	23.0	24.0	25.0	26.0	27.0	28.0	29.0	30.0	31.0	32.0	33.0	34.0	35.0	36.0	37.0	38.0	39.0
fastqc | MantonBM7_HiSeq_2_S17_L005_R1_001	7.0	11.0	34.0	124.0	222.0	410.0	859.0	1498.0	2631.0	3944.0	6483.0	11031.0	17521.0	26621.0	41593.0	64539.0	94473.0	139289.0	201336.0	289228.0	427357.0	647509.0	1039710.0	1924162.0	4485420.0	33695413.0
	13.0	14.0	15.0	16.0	17.0	18.0	19.0	20.0	21.0	22.0	23.0	24.0	25.0	26.0	27.0	28.0	29.0	30.0	31.0	32.0	33.0	34.0	35.0	36.0	37.0	38.0	39.0
fastqc | MantonBM7_HiSeq_2_S17_L006_R1_001	2.0	9.0	11.0	26.0	74.0	173.0	360.0	696.0	1326.0	2560.0	3784.0	6406.0	11034.0	18240.0	27827.0	45781.0	72948.0	106812.0	158438.0	228096.0	324744.0	480158.0	707395.0	1109495.0	1937445.0	4303890.0	41814085.0
	14.0	15.0	16.0	17.0	18.0	19.0	20.0	21.0	22.0	23.0	24.0	25.0	26.0	27.0	28.0	29.0	30.0	31.0	32.0	33.0	34.0	35.0	36.0	37.0	38.0	39.0
fastqc | MantonBM7_HiSeq_3_S18_L005_R1_001	2.0	16.0	39.0	115.0	237.0	452.0	855.0	1469.0	2568.0	3958.0	6287.0	10743.0	17633.0	26610.0	41783.0	65128.0	95072.0	141250.0	202970.0	291631.0	431283.0	652864.0	1051302.0	1950426.0	4551792.0	34159052.0
	12.0	13.0	14.0	15.0	16.0	17.0	18.0	19.0	20.0	21.0	22.0	23.0	24.0	25.0	26.0	27.0	28.0	29.0	30.0	31.0	32.0	33.0	34.0	35.0	36.0	37.0	38.0	39.0
fastqc | MantonBM7_HiSeq_3_S18_L006_R1_001	2.0	2.0	11.0	7.0	37.0	96.0	173.0	345.0	687.0	1343.0	2469.0	3660.0	6273.0	10551.0	17976.0	28028.0	45276.0	71813.0	106927.0	159202.0	228531.0	326680.0	482345.0	711244.0	1114636.0	1950723.0	4344456.0	42164064.0
	12.0	13.0	14.0	15.0	16.0	17.0	18.0	19.0	20.0	21.0	22.0	23.0	24.0	25.0	26.0	27.0	28.0	29.0	30.0	31.0	32.0	33.0	34.0	35.0	36.0	37.0	38.0	39.0
fastqc | MantonBM7_HiSeq_4_S19_L005_R1_001	2.0	1.0	10.0	24.0	41.0	150.0	290.0	552.0	985.0	1740.0	3267.0	4747.0	7651.0	13161.0	21383.0	31871.0	50317.0	78283.0	114478.0	168617.0	241053.0	346248.0	510352.0	771164.0	1236714.0	2298797.0	5407544.0	41311982.0
	12.0	13.0	14.0	15.0	16.0	17.0	18.0	19.0	20.0	21.0	22.0	23.0	24.0	25.0	26.0	27.0	28.0	29.0	30.0	31.0	32.0	33.0	34.0	35.0	36.0	37.0	38.0	39.0
fastqc | MantonBM7_HiSeq_4_S19_L006_R1_001	1.0	3.0	4.0	6.0	30.0	110.0	203.0	428.0	834.0	1579.0	3050.0	4676.0	7691.0	12975.0	21891.0	33845.0	54581.0	86881.0	128079.0	191129.0	272866.0	387845.0	571721.0	838002.0	1315345.0	2292915.0	5125418.0	50770675.0
	13.0	14.0	15.0	16.0	17.0	18.0	19.0	20.0	21.0	22.0	23.0	24.0	25.0	26.0	27.0	28.0	29.0	30.0	31.0	32.0	33.0	34.0	35.0	36.0	37.0	38.0	39.0
fastqc | MantonBM7_HiSeq_5_S20_L005_R1_001	1.0	6.0	8.0	26.0	116.0	189.0	399.0	736.0	1273.0	2446.0	3612.0	5867.0	9904.0	16185.0	24880.0	38940.0	60267.0	88224.0	130107.0	187828.0	268809.0	398238.0	602552.0	967851.0	1794505.0	4173947.0	31191465.0
	13.0	14.0	15.0	16.0	17.0	18.0	19.0	20.0	21.0	22.0	23.0	24.0	25.0	26.0	27.0	28.0	29.0	30.0	31.0	32.0	33.0	34.0	35.0	36.0	37.0	38.0	39.0
fastqc | MantonBM7_HiSeq_5_S20_L006_R1_001	3.0	7.0	10.0	21.0	68.0	151.0	349.0	678.0	1172.0	2338.0	3539.0	5788.0	9934.0	16804.0	26196.0	42625.0	67242.0	99897.0	147185.0	212292.0	303034.0	447310.0	657023.0	1028866.0	1805148.0	3996799.0	38639764.0
	12.0	13.0	14.0	15.0	16.0	17.0	18.0	19.0	20.0	21.0	22.0	23.0	24.0	25.0	26.0	27.0	28.0	29.0	30.0	31.0	32.0	33.0	34.0	35.0	36.0	37.0	38.0	39.0
fastqc | MantonBM7_HiSeq_6_S21_L005_R1_001	1.0	0.0	9.0	13.0	37.0	107.0	224.0	361.0	711.0	1299.0	2451.0	3633.0	5813.0	9835.0	15873.0	24259.0	38565.0	59479.0	87057.0	129620.0	186277.0	269923.0	399058.0	605726.0	970602.0	1792736.0	4111967.0	29752647.0
	14.0	15.0	16.0	17.0	18.0	19.0	20.0	21.0	22.0	23.0	24.0	25.0	26.0	27.0	28.0	29.0	30.0	31.0	32.0	33.0	34.0	35.0	36.0	37.0	38.0	39.0
fastqc | MantonBM7_HiSeq_6_S21_L006_R1_001	4.0	5.0	29.0	76.0	159.0	338.0	615.0	1221.0	2355.0	3375.0	5767.0	9935.0	16867.0	26124.0	41715.0	66842.0	98545.0	146403.0	211683.0	302889.0	448046.0	661584.0	1036133.0	1812460.0	3990030.0	37180707.0
	13.0	14.0	15.0	16.0	17.0	18.0	19.0	20.0	21.0	22.0	23.0	24.0	25.0	26.0	27.0	28.0	29.0	30.0	31.0	32.0	33.0	34.0	35.0	36.0	37.0	38.0	39.0
fastqc | MantonBM7_HiSeq_7_S22_L005_R1_001	1.0	8.0	13.0	31.0	102.0	209.0	367.0	693.0	1287.0	2327.0	3455.0	5440.0	9182.0	14777.0	22866.0	35462.0	55257.0	81964.0	120006.0	173109.0	249724.0	368967.0	560379.0	896791.0	1658049.0	3821455.0	27922133.0
	14.0	15.0	16.0	17.0	18.0	19.0	20.0	21.0	22.0	23.0	24.0	25.0	26.0	27.0	28.0	29.0	30.0	31.0	32.0	33.0	34.0	35.0	36.0	37.0	38.0	39.0
fastqc | MantonBM7_HiSeq_7_S22_L006_R1_001	7.0	7.0	25.0	74.0	145.0	298.0	638.0	1165.0	2184.0	3271.0	5564.0	9319.0	15854.0	24415.0	39388.0	62187.0	91928.0	137018.0	196914.0	280419.0	414296.0	612701.0	960278.0	1674906.0	3693257.0	34757761.0
	14.0	15.0	16.0	17.0	18.0	19.0	20.0	21.0	22.0	23.0	24.0	25.0	26.0	27.0	28.0	29.0	30.0	31.0	32.0	33.0	34.0	35.0	36.0	37.0	38.0	39.0
fastqc | MantonBM7_HiSeq_8_S23_L005_R1_001	2.0	16.0	31.0	117.0	212.0	389.0	741.0	1423.0	2551.0	3758.0	6168.0	10281.0	16804.0	26077.0	39820.0	62604.0	91745.0	135509.0	196205.0	282445.0	418240.0	630677.0	1017084.0	1881267.0	4359355.0	32222510.0
	14.0	15.0	16.0	17.0	18.0	19.0	20.0	21.0	22.0	23.0	24.0	25.0	26.0	27.0	28.0	29.0	30.0	31.0	32.0	33.0	34.0	35.0	36.0	37.0	38.0	39.0
fastqc | MantonBM7_HiSeq_8_S23_L006_R1_001	4.0	9.0	18.0	84.0	170.0	333.0	633.0	1268.0	2356.0	3632.0	6050.0	10390.0	17488.0	27126.0	43910.0	69647.0	103431.0	153507.0	221414.0	315622.0	465431.0	688611.0	1080360.0	1884881.0	4180896.0	39877757.0
	13.0	14.0	15.0	16.0	17.0	18.0	19.0	20.0	21.0	22.0	23.0	24.0	25.0	26.0	27.0	28.0	29.0	30.0	31.0	32.0	33.0	34.0	35.0	36.0	37.0	38.0	39.0
fastqc | MantonBM8_HiSeq_1_S24_L007_R1_001	1.0	3.0	8.0	25.0	83.0	160.0	364.0	645.0	1262.0	2511.0	3789.0	6403.0	11418.0	19409.0	31549.0	52497.0	84995.0	126943.0	191454.0	276400.0	393344.0	567599.0	834952.0	1296562.0	2301375.0	5309647.0	43098423.0
	12.0	13.0	14.0	15.0	16.0	17.0	18.0	19.0	20.0	21.0	22.0	23.0	24.0	25.0	26.0	27.0	28.0	29.0	30.0	31.0	32.0	33.0	34.0	35.0	36.0	37.0	38.0	39.0
fastqc | MantonBM8_HiSeq_1_S24_L008_R1_001	1.0	2.0	4.0	16.0	36.0	124.0	173.0	367.0	737.0	1377.0	2787.0	4115.0	6974.0	12046.0	19865.0	31637.0	51221.0	81907.0	122563.0	182761.0	264577.0	374044.0	537358.0	786908.0	1225246.0	2161212.0	4707930.0	40940888.0
	12.0	13.0	14.0	15.0	16.0	17.0	18.0	19.0	20.0	21.0	22.0	23.0	24.0	25.0	26.0	27.0	28.0	29.0	30.0	31.0	32.0	33.0	34.0	35.0	36.0	37.0	38.0	39.0
fastqc | MantonBM8_HiSeq_2_S25_L007_R1_001	1.0	1.0	3.0	14.0	30.0	74.0	151.0	291.0	653.0	1237.0	2371.0	3481.0	6032.0	10639.0	18411.0	29064.0	48418.0	77492.0	116176.0	175404.0	254240.0	362915.0	524177.0	772054.0	1197998.0	2126637.0	4865696.0	38822558.0
	13.0	14.0	15.0	16.0	17.0	18.0	19.0	20.0	21.0	22.0	23.0	24.0	25.0	26.0	27.0	28.0	29.0	30.0	31.0	32.0	33.0	34.0	35.0	36.0	37.0	38.0	39.0
fastqc | MantonBM8_HiSeq_2_S25_L008_R1_001	4.0	4.0	14.0	41.0	103.0	185.0	371.0	692.0	1320.0	2524.0	3736.0	6269.0	10866.0	18435.0	29105.0	47157.0	75330.0	112435.0	167308.0	242735.0	343911.0	494406.0	727232.0	1132915.0	1989934.0	4314970.0	36813873.0
	12.0	13.0	14.0	15.0	16.0	17.0	18.0	19.0	20.0	21.0	22.0	23.0	24.0	25.0	26.0	27.0	28.0	29.0	30.0	31.0	32.0	33.0	34.0	35.0	36.0	37.0	38.0	39.0
fastqc | MantonBM8_HiSeq_3_S26_L007_R1_001	3.0	2.0	1.0	8.0	28.0	84.0	152.0	333.0	557.0	1158.0	2245.0	3486.0	5753.0	10288.0	17622.0	28289.0	47205.0	75520.0	113939.0	170627.0	246930.0	352842.0	506988.0	747509.0	1163500.0	2065473.0	4756581.0	38736726.0
	13.0	14.0	15.0	16.0	17.0	18.0	19.0	20.0	21.0	22.0	23.0	24.0	25.0	26.0	27.0	28.0	29.0	30.0	31.0	32.0	33.0	34.0	35.0	36.0	37.0	38.0	39.0
fastqc | MantonBM8_HiSeq_3_S26_L008_R1_001	2.0	7.0	10.0	19.0	91.0	192.0	387.0	646.0	1261.0	2436.0	3738.0	6110.0	10518.0	18003.0	27775.0	45846.0	73258.0	109453.0	163458.0	235739.0	334089.0	479915.0	705173.0	1096698.0	1935347.0	4217965.0	36763559.0
	12.0	13.0	14.0	15.0	16.0	17.0	18.0	19.0	20.0	21.0	22.0	23.0	24.0	25.0	26.0	27.0	28.0	29.0	30.0	31.0	32.0	33.0	34.0	35.0	36.0	37.0	38.0	39.0
fastqc | MantonBM8_HiSeq_4_S27_L007_R1_001	2.0	0.0	5.0	12.0	19.0	83.0	175.0	314.0	660.0	1297.0	2434.0	3765.0	6395.0	11357.0	18997.0	30759.0	50690.0	81992.0	122347.0	184393.0	266401.0	379616.0	547208.0	805474.0	1252006.0	2224824.0	5166335.0	42572119.0
	13.0	14.0	15.0	16.0	17.0	18.0	19.0	20.0	21.0	22.0	23.0	24.0	25.0	26.0	27.0	28.0	29.0	30.0	31.0	32.0	33.0	34.0	35.0	36.0	37.0	38.0	39.0
fastqc | MantonBM8_HiSeq_4_S27_L008_R1_001	8.0	5.0	15.0	36.0	100.0	201.0	405.0	734.0	1461.0	2602.0	3970.0	6774.0	11579.0	19521.0	30482.0	49346.0	79366.0	118062.0	175407.0	253940.0	360320.0	516490.0	758146.0	1183108.0	2093820.0	4579219.0	40520685.0
	14.0	15.0	16.0	17.0	18.0	19.0	20.0	21.0	22.0	23.0	24.0	25.0	26.0	27.0	28.0	29.0	30.0	31.0	32.0	33.0	34.0	35.0	36.0	37.0	38.0	39.0
fastqc | MantonBM8_HiSeq_5_S28_L007_R1_001	7.0	4.0	22.0	89.0	167.0	342.0	593.0	1209.0	2458.0	3527.0	6062.0	10499.0	18178.0	28932.0	47990.0	77623.0	116663.0	175275.0	254151.0	361519.0	521789.0	765297.0	1191013.0	2113377.0	4878265.0	39803243.0
	12.0	13.0	14.0	15.0	16.0	17.0	18.0	19.0	20.0	21.0	22.0	23.0	24.0	25.0	26.0	27.0	28.0	29.0	30.0	31.0	32.0	33.0	34.0	35.0	36.0	37.0	38.0	39.0
fastqc | MantonBM8_HiSeq_5_S28_L008_R1_001	2.0	2.0	10.0	12.0	49.0	98.0	208.0	365.0	687.0	1357.0	2557.0	3769.0	6304.0	11002.0	18338.0	28913.0	47288.0	75179.0	112311.0	168031.0	242475.0	342833.0	492076.0	724123.0	1126459.0	1984456.0	4324198.0	37798720.0
	12.0	13.0	14.0	15.0	16.0	17.0	18.0	19.0	20.0	21.0	22.0	23.0	24.0	25.0	26.0	27.0	28.0	29.0	30.0	31.0	32.0	33.0	34.0	35.0	36.0	37.0	38.0	39.0
fastqc | MantonBM8_HiSeq_6_S29_L007_R1_001	1.0	2.0	3.0	13.0	23.0	87.0	164.0	321.0	693.0	1218.0	2342.0	3584.0	6258.0	10978.0	18737.0	29933.0	49247.0	79802.0	120299.0	180508.0	261989.0	373523.0	538493.0	789762.0	1227979.0	2178208.0	5020714.0	40837408.0
	13.0	14.0	15.0	16.0	17.0	18.0	19.0	20.0	21.0	22.0	23.0	24.0	25.0	26.0	27.0	28.0	29.0	30.0	31.0	32.0	33.0	34.0	35.0	36.0	37.0	38.0	39.0
fastqc | MantonBM8_HiSeq_6_S29_L008_R1_001	3.0	2.0	18.0	34.0	104.0	196.0	359.0	672.0	1311.0	2635.0	3899.0	6600.0	11197.0	18790.0	29955.0	48436.0	77467.0	116348.0	172778.0	251473.0	353388.0	506637.0	746125.0	1157135.0	2041497.0	4446085.0	38767156.0
	13.0	14.0	15.0	16.0	17.0	18.0	19.0	20.0	21.0	22.0	23.0	24.0	25.0	26.0	27.0	28.0	29.0	30.0	31.0	32.0	33.0	34.0	35.0	36.0	37.0	38.0	39.0
fastqc | MantonBM8_HiSeq_7_S30_L007_R1_001	2.0	5.0	13.0	28.0	83.0	174.0	330.0	644.0	1173.0	2381.0	3646.0	6065.0	10472.0	18111.0	28590.0	48068.0	76495.0	115571.0	173326.0	251085.0	358674.0	517550.0	760251.0	1181205.0	2097350.0	4840077.0	39312439.0
	12.0	13.0	14.0	15.0	16.0	17.0	18.0	19.0	20.0	21.0	22.0	23.0	24.0	25.0	26.0	27.0	28.0	29.0	30.0	31.0	32.0	33.0	34.0	35.0	36.0	37.0	38.0	39.0
fastqc | MantonBM8_HiSeq_7_S30_L008_R1_001	1.0	2.0	7.0	10.0	35.0	104.0	207.0	400.0	705.0	1312.0	2510.0	3808.0	6432.0	10855.0	18197.0	28423.0	46361.0	74401.0	111174.0	165687.0	239519.0	340194.0	487856.0	718394.0	1118759.0	1968230.0	4290726.0	37362448.0
	12.0	13.0	14.0	15.0	16.0	17.0	18.0	19.0	20.0	21.0	22.0	23.0	24.0	25.0	26.0	27.0	28.0	29.0	30.0	31.0	32.0	33.0	34.0	35.0	36.0	37.0	38.0	39.0
fastqc | MantonBM8_HiSeq_8_S31_L007_R1_001	2.0	1.0	3.0	12.0	19.0	68.0	143.0	322.0	587.0	1115.0	2123.0	3404.0	5477.0	9699.0	16615.0	26471.0	43169.0	70464.0	105651.0	158628.0	229689.0	327519.0	469055.0	689638.0	1074272.0	1904627.0	4391908.0	35670855.0
	14.0	15.0	16.0	17.0	18.0	19.0	20.0	21.0	22.0	23.0	24.0	25.0	26.0	27.0	28.0	29.0	30.0	31.0	32.0	33.0	34.0	35.0	36.0	37.0	38.0	39.0
fastqc | MantonBM8_HiSeq_8_S31_L008_R1_001	5.0	13.0	32.0	80.0	151.0	344.0	611.0	1201.0	2275.0	3541.0	5894.0	10090.0	16856.0	26118.0	42351.0	67778.0	101411.0	151901.0	218398.0	310002.0	442873.0	651302.0	1015297.0	1791743.0	3897261.0	33866865.0

