Sample	FastQC_mqc-generalstats-fastqc-percent_duplicates	FastQC_mqc-generalstats-fastqc-percent_gc	FastQC_mqc-generalstats-fastqc-avg_sequence_length	FastQC_mqc-generalstats-fastqc-percent_fails	FastQC_mqc-generalstats-fastqc-total_sequences
fastqc | MantonBM1_HiSeq_1_S1_L007_R1_001	47.61770328427182	50.0	26.0	9.090909090909092	50209387.0
fastqc | MantonBM1_HiSeq_1_S1_L008_R1_001	47.27535734292747	50.0	26.0	0.0	48486954.0
fastqc | MantonBM1_HiSeq_2_S2_L007_R1_001	48.686747553450346	50.0	26.0	9.090909090909092	49651042.0
fastqc | MantonBM1_HiSeq_2_S2_L008_R1_001	48.48727356649104	50.0	26.0	0.0	47442630.0
fastqc | MantonBM1_HiSeq_3_S3_L007_R1_001	49.20083541004071	50.0	26.0	9.090909090909092	49227943.0
fastqc | MantonBM1_HiSeq_3_S3_L008_R1_001	48.64884426877263	50.0	26.0	0.0	46690913.0
fastqc | MantonBM1_HiSeq_4_S4_L007_R1_001	50.786260089819066	50.0	26.0	18.181818181818183	53334739.0
fastqc | MantonBM1_HiSeq_4_S4_L008_R1_001	49.97920953907686	50.0	26.0	0.0	50898776.0
fastqc | MantonBM1_HiSeq_5_S5_L007_R1_001	52.53319973935167	50.0	26.0	18.181818181818183	58324685.0
fastqc | MantonBM1_HiSeq_5_S5_L008_R1_001	52.349812040959605	50.0	26.0	9.090909090909092	55979684.0
fastqc | MantonBM1_HiSeq_6_S6_L007_R1_001	52.62054085114704	50.0	26.0	18.181818181818183	62365885.0
fastqc | MantonBM1_HiSeq_6_S6_L008_R1_001	52.46257143152874	50.0	26.0	9.090909090909092	60212409.0
fastqc | MantonBM1_HiSeq_7_S7_L007_R1_001	54.068247132286864	50.0	26.0	18.181818181818183	60241560.0
fastqc | MantonBM1_HiSeq_7_S7_L008_R1_001	53.88362372964012	50.0	26.0	9.090909090909092	57960201.0
fastqc | MantonBM1_HiSeq_8_S8_L007_R1_001	52.15861242919152	50.0	26.0	18.181818181818183	59561338.0
fastqc | MantonBM1_HiSeq_8_S8_L008_R1_001	51.83527862682454	50.0	26.0	9.090909090909092	57463623.0
fastqc | MantonBM2_HiSeq_1_S9_L005_R1_001	53.241781156485914	50.0	26.0	9.090909090909092	51096378.0
fastqc | MantonBM2_HiSeq_1_S9_L006_R1_001	50.67233861400497	50.0	26.0	9.090909090909092	46922887.0
fastqc | MantonBM2_HiSeq_2_S10_L005_R1_001	56.135808381165084	50.0	26.0	9.090909090909092	57966839.0
fastqc | MantonBM2_HiSeq_2_S10_L006_R1_001	53.263030997989375	50.0	26.0	9.090909090909092	53032134.0
fastqc | MantonBM2_HiSeq_3_S11_L005_R1_001	54.77506822397973	50.0	26.0	9.090909090909092	55974723.0
fastqc | MantonBM2_HiSeq_3_S11_L006_R1_001	52.02035687339185	50.0	26.0	9.090909090909092	51261969.0
fastqc | MantonBM2_HiSeq_4_S12_L005_R1_001	54.8728046215017	50.0	26.0	9.090909090909092	54260413.0
fastqc | MantonBM2_HiSeq_4_S12_L006_R1_001	52.28550482339142	50.0	26.0	9.090909090909092	49999417.0
fastqc | MantonBM2_HiSeq_5_S13_L005_R1_001	54.98451730238648	50.0	26.0	9.090909090909092	59574626.0
fastqc | MantonBM2_HiSeq_5_S13_L006_R1_001	52.45525267133457	50.0	26.0	9.090909090909092	54777754.0
fastqc | MantonBM2_HiSeq_6_S14_L005_R1_001	54.947827561774226	50.0	26.0	9.090909090909092	59474407.0
fastqc | MantonBM2_HiSeq_6_S14_L006_R1_001	52.177127332881646	50.0	26.0	9.090909090909092	54816724.0
fastqc | MantonBM2_HiSeq_7_S15_L005_R1_001	59.68496342128282	50.0	26.0	9.090909090909092	67872628.0
fastqc | MantonBM2_HiSeq_7_S15_L006_R1_001	57.11366034884797	50.0	26.0	9.090909090909092	62438341.0
fastqc | MantonBM2_HiSeq_8_S16_L005_R1_001	53.70752820242605	50.0	26.0	9.090909090909092	54081972.0
fastqc | MantonBM2_HiSeq_8_S16_L006_R1_001	51.03827127712638	50.0	26.0	9.090909090909092	49760316.0
fastqc | MantonBM3_HiSeq_1_S17_L003_R1_001	54.767367647857505	50.0	26.0	9.090909090909092	55018024.0
fastqc | MantonBM3_HiSeq_1_S17_L004_R1_001	53.4070639476514	50.0	26.0	9.090909090909092	52045388.0
fastqc | MantonBM3_HiSeq_2_S18_L003_R1_001	63.643226957693564	50.0	26.0	9.090909090909092	77483620.0
fastqc | MantonBM3_HiSeq_2_S18_L004_R1_001	62.12675598766169	50.0	26.0	9.090909090909092	72478891.0
fastqc | MantonBM3_HiSeq_3_S19_L003_R1_001	55.08597165256603	50.0	26.0	9.090909090909092	54962379.0
fastqc | MantonBM3_HiSeq_3_S19_L004_R1_001	53.28442159499396	50.0	26.0	9.090909090909092	51555832.0
fastqc | MantonBM3_HiSeq_4_S20_L003_R1_001	59.92527913924354	50.0	26.0	9.090909090909092	68965060.0
fastqc | MantonBM3_HiSeq_4_S20_L004_R1_001	58.37642081715043	50.0	26.0	9.090909090909092	65070703.0
fastqc | MantonBM3_HiSeq_5_S21_L003_R1_001	53.81134556489143	50.0	26.0	9.090909090909092	53148791.0
fastqc | MantonBM3_HiSeq_5_S21_L004_R1_001	52.08123268695233	50.0	26.0	9.090909090909092	49609021.0
fastqc | MantonBM3_HiSeq_6_S22_L003_R1_001	53.28849680703268	50.0	26.0	9.090909090909092	54454072.0
fastqc | MantonBM3_HiSeq_6_S22_L004_R1_001	51.733958495961076	50.0	26.0	9.090909090909092	50904291.0
fastqc | MantonBM3_HiSeq_7_S23_L003_R1_001	52.04833529068982	50.0	26.0	9.090909090909092	49276901.0
fastqc | MantonBM3_HiSeq_7_S23_L004_R1_001	50.04150696672863	50.0	26.0	9.090909090909092	45677471.0
fastqc | MantonBM3_HiSeq_8_S24_L003_R1_001	53.49000837455179	50.0	26.0	9.090909090909092	53041413.0
fastqc | MantonBM3_HiSeq_8_S24_L004_R1_001	52.088555447735	50.0	26.0	9.090909090909092	50048781.0
fastqc | MantonBM4_HiSeq_1_S25_L001_R1_001	57.7416399802584	50.0	26.0	9.090909090909092	61638874.0
fastqc | MantonBM4_HiSeq_1_S25_L002_R1_001	55.719300414916304	50.0	26.0	9.090909090909092	60491212.0
fastqc | MantonBM4_HiSeq_2_S26_L001_R1_001	53.467278641578105	50.0	26.0	9.090909090909092	52606975.0
fastqc | MantonBM4_HiSeq_2_S26_L002_R1_001	50.35681365977575	50.0	26.0	9.090909090909092	49258338.0
fastqc | MantonBM4_HiSeq_3_S27_L001_R1_001	54.24010964077854	50.0	26.0	9.090909090909092	54583614.0
fastqc | MantonBM4_HiSeq_3_S27_L002_R1_001	51.91309693895457	50.0	26.0	9.090909090909092	52668340.0
fastqc | MantonBM4_HiSeq_4_S28_L001_R1_001	54.7033644850097	50.0	26.0	9.090909090909092	55975346.0
fastqc | MantonBM4_HiSeq_4_S28_L002_R1_001	52.37096435276292	50.0	26.0	9.090909090909092	54265561.0
fastqc | MantonBM4_HiSeq_5_S29_L001_R1_001	54.94747179596929	50.0	26.0	9.090909090909092	59123430.0
fastqc | MantonBM4_HiSeq_5_S29_L002_R1_001	52.136981844478605	50.0	26.0	9.090909090909092	55714634.0
fastqc | MantonBM4_HiSeq_6_S30_L001_R1_001	53.281512892460285	50.0	26.0	9.090909090909092	55213094.0
fastqc | MantonBM4_HiSeq_6_S30_L002_R1_001	50.58652806882441	50.0	26.0	9.090909090909092	52250873.0
fastqc | MantonBM4_HiSeq_7_S31_L001_R1_001	52.97467390765965	50.0	26.0	9.090909090909092	54619995.0
fastqc | MantonBM4_HiSeq_7_S31_L002_R1_001	50.317404513770875	50.0	26.0	9.090909090909092	51935705.0
fastqc | MantonBM4_HiSeq_8_S32_L001_R1_001	54.86626155316483	50.0	26.0	9.090909090909092	61140386.0
fastqc | MantonBM4_HiSeq_8_S32_L002_R1_001	53.09269837550252	50.0	26.0	9.090909090909092	60874972.0
fastqc | MantonBM5_HiSeq_1_S1_L001_R1_001	43.37623540604384	50.0	26.0	0.0	60847839.0
fastqc | MantonBM5_HiSeq_1_S1_L002_R1_001	44.060603503793274	50.0	26.0	0.0	62029625.0
fastqc | MantonBM5_HiSeq_2_S2_L001_R1_001	46.37396880364834	50.0	26.0	0.0	62458294.0
fastqc | MantonBM5_HiSeq_2_S2_L002_R1_001	47.41156114023571	50.0	26.0	0.0	63675382.0
fastqc | MantonBM5_HiSeq_3_S3_L001_R1_001	46.2384365120467	50.0	26.0	0.0	63763052.0
fastqc | MantonBM5_HiSeq_3_S3_L002_R1_001	46.7700581151598	50.0	26.0	0.0	64960882.0
fastqc | MantonBM5_HiSeq_4_S4_L001_R1_001	45.211891294370034	50.0	26.0	0.0	61109471.0
fastqc | MantonBM5_HiSeq_4_S4_L002_R1_001	46.078727000734034	50.0	26.0	0.0	62202733.0
fastqc | MantonBM5_HiSeq_5_S5_L001_R1_001	44.86166123470397	50.0	26.0	0.0	62651391.0
fastqc | MantonBM5_HiSeq_5_S5_L002_R1_001	45.447764902151135	50.0	26.0	0.0	63972818.0
fastqc | MantonBM5_HiSeq_6_S6_L001_R1_001	45.67093268891564	50.0	26.0	0.0	60872831.0
fastqc | MantonBM5_HiSeq_6_S6_L002_R1_001	46.41018508734396	50.0	26.0	0.0	62065810.0
fastqc | MantonBM5_HiSeq_7_S7_L001_R1_001	39.79983339934439	50.0	26.0	0.0	47105455.0
fastqc | MantonBM5_HiSeq_7_S7_L002_R1_001	40.44081784631004	50.0	26.0	0.0	47770617.0
fastqc | MantonBM5_HiSeq_8_S8_L001_R1_001	42.78548362857373	50.0	26.0	0.0	55689265.0
fastqc | MantonBM5_HiSeq_8_S8_L002_R1_001	43.61778781159759	50.0	26.0	0.0	56678328.0
fastqc | MantonBM6_HiSeq_1_S9_L003_R1_001	55.50976181647748	50.0	26.0	18.181818181818183	66660112.0
fastqc | MantonBM6_HiSeq_1_S9_L004_R1_001	55.779601055347115	50.0	26.0	9.090909090909092	67016056.0
fastqc | MantonBM6_HiSeq_2_S10_L003_R1_001	57.318767138065446	50.0	26.0	18.181818181818183	70444096.0
fastqc | MantonBM6_HiSeq_2_S10_L004_R1_001	57.75710560233627	50.0	26.0	9.090909090909092	70818214.0
fastqc | MantonBM6_HiSeq_4_S11_L003_R1_001	56.96181802193755	50.0	26.0	18.181818181818183	67750525.0
fastqc | MantonBM6_HiSeq_4_S11_L004_R1_001	57.25381845225526	50.0	26.0	9.090909090909092	68045467.0
fastqc | MantonBM6_HiSeq_5_S12_L003_R1_001	54.637295039573615	50.0	26.0	18.181818181818183	67230991.0
fastqc | MantonBM6_HiSeq_5_S12_L004_R1_001	54.788345991271584	50.0	26.0	9.090909090909092	67615495.0
fastqc | MantonBM6_HiSeq_6_S13_L003_R1_001	59.05164127282289	50.0	26.0	18.181818181818183	74292547.0
fastqc | MantonBM6_HiSeq_6_S13_L004_R1_001	59.18287573384853	50.0	26.0	9.090909090909092	74654163.0
fastqc | MantonBM6_HiSeq_7_S14_L003_R1_001	56.270080093418386	50.0	26.0	18.181818181818183	66686895.0
fastqc | MantonBM6_HiSeq_7_S14_L004_R1_001	56.335517870179174	50.0	26.0	9.090909090909092	67021738.0
fastqc | MantonBM6_HiSeq_8_S15_L003_R1_001	57.242279246142196	50.0	26.0	18.181818181818183	70333675.0
fastqc | MantonBM6_HiSeq_8_S15_L004_R1_001	57.72319838231168	50.0	26.0	9.090909090909092	70719467.0
fastqc | MantonBM7_HiSeq_1_S16_L005_R1_001	43.15931970478798	50.0	26.0	9.090909090909092	38630446.0
fastqc | MantonBM7_HiSeq_1_S16_L006_R1_001	47.106671581723525	50.0	26.0	0.0	45888735.0
fastqc | MantonBM7_HiSeq_2_S17_L005_R1_001	44.27519471941932	50.0	26.0	9.090909090909092	43121425.0
fastqc | MantonBM7_HiSeq_2_S17_L006_R1_001	48.11090330399733	50.0	26.0	0.0	51361815.0
fastqc | MantonBM7_HiSeq_3_S18_L005_R1_001	43.76922713497766	50.0	26.0	9.090909090909092	43705537.0
fastqc | MantonBM7_HiSeq_3_S18_L006_R1_001	47.282138386017316	50.0	26.0	0.0	51777557.0
fastqc | MantonBM7_HiSeq_4_S19_L005_R1_001	47.929935893344165	50.0	26.0	9.090909090909092	52621424.0
fastqc | MantonBM7_HiSeq_4_S19_L006_R1_001	51.84042146911271	50.0	26.0	9.090909090909092	62122783.0
fastqc | MantonBM7_HiSeq_5_S20_L005_R1_001	43.47964345668418	50.0	26.0	9.090909090909092	39968381.0
fastqc | MantonBM7_HiSeq_5_S20_L006_R1_001	47.04304086950815	50.0	26.0	0.0	47514243.0
fastqc | MantonBM7_HiSeq_6_S21_L005_R1_001	41.074979374675735	50.0	26.0	9.090909090909092	38468283.0
fastqc | MantonBM7_HiSeq_6_S21_L006_R1_001	44.94929862699312	50.0	26.0	0.0	46063907.0
fastqc | MantonBM7_HiSeq_7_S22_L005_R1_001	42.65823548183345	50.0	26.0	9.090909090909092	36004054.0
fastqc | MantonBM7_HiSeq_7_S22_L006_R1_001	47.04613765893452	50.0	26.0	0.0	42984019.0
fastqc | MantonBM7_HiSeq_8_S23_L005_R1_001	44.516515600208805	50.0	26.0	9.090909090909092	41406031.0
fastqc | MantonBM7_HiSeq_8_S23_L006_R1_001	47.99762770181998	50.0	26.0	0.0	49155028.0
fastqc | MantonBM8_HiSeq_1_S24_L007_R1_001	50.161583183270174	50.0	26.0	18.181818181818183	54611821.0
fastqc | MantonBM8_HiSeq_1_S24_L008_R1_001	49.20923642032796	50.0	26.0	0.0	51516876.0
fastqc | MantonBM8_HiSeq_2_S25_L007_R1_001	50.13751051403064	50.0	26.0	18.181818181818183	49416218.0
fastqc | MantonBM8_HiSeq_2_S25_L008_R1_001	49.133132780752796	50.0	26.0	0.0	46535875.0
fastqc | MantonBM8_HiSeq_3_S26_L007_R1_001	47.77038001457983	50.0	26.0	9.090909090909092	49053849.0
fastqc | MantonBM8_HiSeq_3_S26_L008_R1_001	46.8770721662905	50.0	26.0	0.0	46231695.0
fastqc | MantonBM8_HiSeq_4_S27_L007_R1_001	51.004125520082404	50.0	26.0	18.181818181818183	53729679.0
fastqc | MantonBM8_HiSeq_4_S27_L008_R1_001	50.10810790098868	50.0	26.0	9.090909090909092	50765802.0
fastqc | MantonBM8_HiSeq_5_S28_L007_R1_001	50.435043850480255	50.0	26.0	18.181818181818183	50378294.0
fastqc | MantonBM8_HiSeq_5_S28_L008_R1_001	49.756205203520985	50.0	26.0	0.0	47511822.0
fastqc | MantonBM8_HiSeq_6_S29_L007_R1_001	49.12132661658634	50.0	26.0	9.090909090909092	51732289.0
fastqc | MantonBM8_HiSeq_6_S29_L008_R1_001	48.36062644090675	50.0	26.0	0.0	48760300.0
fastqc | MantonBM8_HiSeq_7_S30_L007_R1_001	48.63452112322611	50.0	26.0	9.090909090909092	49803808.0
fastqc | MantonBM8_HiSeq_7_S30_L008_R1_001	47.88350558168134	50.0	26.0	0.0	46996757.0
fastqc | MantonBM8_HiSeq_8_S31_L007_R1_001	48.489177794651475	50.0	26.0	9.090909090909092	45201536.0
fastqc | MantonBM8_HiSeq_8_S31_L008_R1_001	47.2874992895066	50.0	26.0	0.0	42624393.0
