	10.0	11.0	12.0	13.0	14.0	15.0	16.0	17.0	18.0	19.0	20.0	21.0	22.0	23.0	24.0	25.0	26.0	27.0	28.0	29.0	30.0	31.0	32.0	33.0	34.0	35.0	36.0	37.0
fastqc | MantonBM1_HiSeq_1_S1_L007_I1_001	4.0	0.0	3308.0	5257.0	11866.0	4580.0	19446.0	32484.0	60757.0	48370.0	63671.0	73830.0	136997.0	185498.0	122711.0	260511.0	195660.0	389345.0	533180.0	360259.0	793869.0	996248.0	1099544.0	1577328.0	1607081.0	2703777.0	16506975.0	22416831.0
	10.0	11.0	12.0	13.0	14.0	15.0	16.0	17.0	18.0	19.0	20.0	21.0	22.0	23.0	24.0	25.0	26.0	27.0	28.0	29.0	30.0	31.0	32.0	33.0	34.0	35.0	36.0	37.0
fastqc | MantonBM1_HiSeq_1_S1_L008_I1_001	7.0	0.0	3523.0	5624.0	12716.0	4979.0	21459.0	36279.0	66921.0	53590.0	72695.0	83297.0	157814.0	210477.0	139562.0	298571.0	220682.0	438522.0	593073.0	397061.0	866726.0	1108376.0	1370290.0	1700657.0	1649749.0	2680116.0	14420314.0	21873874.0
	10.0	11.0	12.0	13.0	14.0	15.0	16.0	17.0	18.0	19.0	20.0	21.0	22.0	23.0	24.0	25.0	26.0	27.0	28.0	29.0	30.0	31.0	32.0	33.0	34.0	35.0	36.0	37.0
fastqc | MantonBM1_HiSeq_2_S2_L007_I1_001	6.0	0.0	2933.0	4736.0	10692.0	4248.0	18327.0	30119.0	57364.0	45830.0	64460.0	72647.0	146400.0	187712.0	133087.0	277299.0	197709.0	426572.0	553038.0	366863.0	865059.0	1012486.0	1032517.0	1632125.0	1654376.0	3315371.0	13866225.0	23672841.0
	10.0	11.0	12.0	13.0	14.0	15.0	16.0	17.0	18.0	19.0	20.0	21.0	22.0	23.0	24.0	25.0	26.0	27.0	28.0	29.0	30.0	31.0	32.0	33.0	34.0	35.0	36.0	37.0
fastqc | MantonBM1_HiSeq_2_S2_L008_I1_001	10.0	0.0	3189.0	5052.0	11913.0	4807.0	19796.0	33536.0	63317.0	50869.0	72071.0	81191.0	166165.0	211136.0	151481.0	311571.0	221070.0	470234.0	602369.0	397136.0	915521.0	1112210.0	1291089.0	1703092.0	1635841.0	3034018.0	11886549.0	22987397.0
	10.0	11.0	12.0	13.0	14.0	15.0	16.0	17.0	18.0	19.0	20.0	21.0	22.0	23.0	24.0	25.0	26.0	27.0	28.0	29.0	30.0	31.0	32.0	33.0	34.0	35.0	36.0	37.0
fastqc | MantonBM1_HiSeq_3_S3_L007_I1_001	5.0	0.0	2484.0	3941.0	9048.0	3744.0	15422.0	26019.0	46694.0	38339.0	54706.0	59319.0	131046.0	161045.0	123211.0	266721.0	185114.0	426915.0	582957.0	392986.0	921636.0	1043886.0	1180363.0	1858965.0	1773455.0	3680464.0	16868243.0	19371215.0
	10.0	11.0	12.0	13.0	14.0	15.0	16.0	17.0	18.0	19.0	20.0	21.0	22.0	23.0	24.0	25.0	26.0	27.0	28.0	29.0	30.0	31.0	32.0	33.0	34.0	35.0	36.0	37.0
fastqc | MantonBM1_HiSeq_3_S3_L008_I1_001	5.0	0.0	2844.0	4307.0	9975.0	3895.0	16660.0	28650.0	51355.0	43155.0	61323.0	66456.0	147899.0	181525.0	139352.0	299285.0	206034.0	470842.0	638704.0	421981.0	979626.0	1145024.0	1398482.0	1889389.0	1726778.0	3356447.0	15246986.0	18153934.0
	10.0	11.0	12.0	13.0	14.0	15.0	16.0	17.0	18.0	19.0	20.0	21.0	22.0	23.0	24.0	25.0	26.0	27.0	28.0	29.0	30.0	31.0	32.0	33.0	34.0	35.0	36.0	37.0
fastqc | MantonBM1_HiSeq_4_S4_L007_I1_001	2.0	0.0	2399.0	3928.0	9328.0	3880.0	16319.0	27385.0	52219.0	41722.0	60585.0	66869.0	139768.0	186745.0	132237.0	285362.0	213537.0	448115.0	610976.0	429736.0	961193.0	1103515.0	1156287.0	1850537.0	1870466.0	3338461.0	16261683.0	24061485.0
	10.0	11.0	12.0	13.0	14.0	15.0	16.0	17.0	18.0	19.0	20.0	21.0	22.0	23.0	24.0	25.0	26.0	27.0	28.0	29.0	30.0	31.0	32.0	33.0	34.0	35.0	36.0	37.0
fastqc | MantonBM1_HiSeq_4_S4_L008_I1_001	2.0	0.0	2801.0	4430.0	10821.0	4264.0	18772.0	31557.0	59902.0	47854.0	70359.0	77436.0	161454.0	212067.0	150406.0	324287.0	237326.0	494698.0	663918.0	456227.0	1020893.0	1220484.0	1412601.0	1922614.0	1848462.0	3032516.0	14189856.0	23222769.0
	10.0	11.0	12.0	13.0	14.0	15.0	16.0	17.0	18.0	19.0	20.0	21.0	22.0	23.0	24.0	25.0	26.0	27.0	28.0	29.0	30.0	31.0	32.0	33.0	34.0	35.0	36.0	37.0
fastqc | MantonBM1_HiSeq_5_S5_L007_I1_001	4.0	0.0	2429.0	4028.0	10059.0	3993.0	17274.0	30222.0	55527.0	45791.0	68640.0	70901.0	159124.0	200417.0	146949.0	322283.0	236558.0	486273.0	676666.0	465551.0	1032306.0	1164237.0	1287599.0	1996939.0	1946521.0	3073453.0	15348879.0	29472062.0
	10.0	11.0	12.0	13.0	14.0	15.0	16.0	17.0	18.0	19.0	20.0	21.0	22.0	23.0	24.0	25.0	26.0	27.0	28.0	29.0	30.0	31.0	32.0	33.0	34.0	35.0	36.0	37.0
fastqc | MantonBM1_HiSeq_5_S5_L008_I1_001	10.0	0.0	2657.0	4525.0	11546.0	4495.0	20166.0	34989.0	63759.0	53207.0	80537.0	82669.0	186355.0	230697.0	168022.0	368672.0	265816.0	542433.0	737538.0	498216.0	1099997.0	1300431.0	1581044.0	2101362.0	1944846.0	2885832.0	13228869.0	28480994.0
	10.0	11.0	12.0	13.0	14.0	15.0	16.0	17.0	18.0	19.0	20.0	21.0	22.0	23.0	24.0	25.0	26.0	27.0	28.0	29.0	30.0	31.0	32.0	33.0	34.0	35.0	36.0	37.0	38.0
fastqc | MantonBM1_HiSeq_6_S6_L007_I1_001	9.0	0.0	3595.0	5901.0	12726.0	5989.0	23058.0	37035.0	74258.0	55792.0	87940.0	92934.0	190203.0	256083.0	173541.0	386786.0	287164.0	554309.0	774200.0	533589.0	1097452.0	1316088.0	1326523.0	2116598.0	2115080.0	3058428.0	15465565.0	32315038.0	1.0
	10.0	11.0	12.0	13.0	14.0	15.0	16.0	17.0	18.0	19.0	20.0	21.0	22.0	23.0	24.0	25.0	26.0	27.0	28.0	29.0	30.0	31.0	32.0	33.0	34.0	35.0	36.0	37.0
fastqc | MantonBM1_HiSeq_6_S6_L008_I1_001	13.0	0.0	4114.0	6838.0	14750.0	6712.0	26946.0	43318.0	85953.0	64820.0	103134.0	107623.0	221996.0	294309.0	198804.0	440248.0	322154.0	617147.0	845792.0	574136.0	1184708.0	1476890.0	1658087.0	2230631.0	2131853.0	2954679.0	13688547.0	30908207.0
	10.0	11.0	12.0	13.0	14.0	15.0	16.0	17.0	18.0	19.0	20.0	21.0	22.0	23.0	24.0	25.0	26.0	27.0	28.0	29.0	30.0	31.0	32.0	33.0	34.0	35.0	36.0	37.0
fastqc | MantonBM1_HiSeq_7_S7_L007_I1_001	7.0	0.0	2787.0	4537.0	11031.0	4462.0	19686.0	32115.0	63978.0	49720.0	73888.0	83010.0	166959.0	227793.0	160546.0	336495.0	248345.0	529046.0	688103.0	461814.0	1066438.0	1167276.0	1267287.0	1958855.0	1932751.0	3395642.0	15304632.0	30984357.0
	10.0	11.0	12.0	13.0	14.0	15.0	16.0	17.0	18.0	19.0	20.0	21.0	22.0	23.0	24.0	25.0	26.0	27.0	28.0	29.0	30.0	31.0	32.0	33.0	34.0	35.0	36.0	37.0	38.0
fastqc | MantonBM1_HiSeq_7_S7_L008_I1_001	8.0	0.0	3149.0	5236.0	12766.0	4925.0	22469.0	37226.0	73412.0	57876.0	86337.0	96748.0	195500.0	261810.0	185398.0	384604.0	279708.0	585903.0	756347.0	494703.0	1139334.0	1310545.0	1589358.0	2073396.0	1943611.0	3180060.0	13158306.0	30021465.0	1.0
	10.0	11.0	12.0	13.0	14.0	15.0	16.0	17.0	18.0	19.0	20.0	21.0	22.0	23.0	24.0	25.0	26.0	27.0	28.0	29.0	30.0	31.0	32.0	33.0	34.0	35.0	36.0	37.0
fastqc | MantonBM1_HiSeq_8_S8_L007_I1_001	7.0	0.0	2542.0	4080.0	9800.0	3900.0	17239.0	29821.0	55487.0	44151.0	65462.0	69878.0	147588.0	190034.0	135765.0	294581.0	215950.0	450464.0	621851.0	407347.0	909256.0	1113052.0	1309310.0	1774315.0	1725079.0	2731968.0	10787793.0	36444618.0
	10.0	11.0	12.0	13.0	14.0	15.0	16.0	17.0	18.0	19.0	20.0	21.0	22.0	23.0	24.0	25.0	26.0	27.0	28.0	29.0	30.0	31.0	32.0	33.0	34.0	35.0	36.0	37.0	38.0
fastqc | MantonBM1_HiSeq_8_S8_L008_I1_001	10.0	0.0	2813.0	4674.0	11121.0	4513.0	19620.0	34928.0	64048.0	52332.0	76416.0	82954.0	174341.0	223439.0	158416.0	340784.0	248002.0	513226.0	693375.0	451389.0	999150.0	1205744.0	1682507.0	1937946.0	1793971.0	2777314.0	10002425.0	33908164.0	1.0
	10.0	11.0	12.0	13.0	14.0	15.0	16.0	17.0	18.0	19.0	20.0	21.0	22.0	23.0	24.0	25.0	26.0	27.0	28.0	29.0	30.0	31.0	32.0	33.0	34.0	35.0	36.0	37.0	38.0
fastqc | MantonBM2_HiSeq_1_S9_L005_I1_001	8.0	0.0	2088.0	3440.0	7585.0	3202.0	13182.0	22247.0	41588.0	31909.0	51407.0	51647.0	111124.0	142705.0	102429.0	226335.0	160390.0	348366.0	477112.0	324832.0	735727.0	850943.0	1102150.0	1490887.0	1401127.0	2317789.0	10321374.0	30754784.0	1.0
	10.0	11.0	12.0	13.0	14.0	15.0	16.0	17.0	18.0	19.0	20.0	21.0	22.0	23.0	24.0	25.0	26.0	27.0	28.0	29.0	30.0	31.0	32.0	33.0	34.0	35.0	36.0	37.0	38.0
fastqc | MantonBM2_HiSeq_1_S9_L006_I1_001	5.0	0.0	2243.0	3648.0	8581.0	3673.0	15069.0	24849.0	48384.0	37132.0	60898.0	61177.0	132173.0	173537.0	124587.0	277090.0	196899.0	424787.0	576062.0	383824.0	856535.0	962241.0	1201441.0	1620749.0	1531652.0	2506858.0	9717272.0	25971520.0	1.0
	10.0	11.0	12.0	13.0	14.0	15.0	16.0	17.0	18.0	19.0	20.0	21.0	22.0	23.0	24.0	25.0	26.0	27.0	28.0	29.0	30.0	31.0	32.0	33.0	34.0	35.0	36.0	37.0
fastqc | MantonBM2_HiSeq_2_S10_L005_I1_001	7.0	0.0	2485.0	3739.0	8566.0	3707.0	14729.0	25684.0	47767.0	39706.0	58814.0	65118.0	138238.0	182187.0	134521.0	283192.0	211182.0	439416.0	585418.0	403003.0	928328.0	1079959.0	1257619.0	1825466.0	1865878.0	3063412.0	13650776.0	31647922.0
	10.0	11.0	12.0	13.0	14.0	15.0	16.0	17.0	18.0	19.0	20.0	21.0	22.0	23.0	24.0	25.0	26.0	27.0	28.0	29.0	30.0	31.0	32.0	33.0	34.0	35.0	36.0	37.0
fastqc | MantonBM2_HiSeq_2_S10_L006_I1_001	8.0	0.0	2692.0	4321.0	9559.0	4136.0	16731.0	29940.0	56304.0	46856.0	70937.0	78007.0	168087.0	222948.0	164797.0	348998.0	258544.0	538755.0	707421.0	474902.0	1065845.0	1186268.0	1350872.0	1942506.0	1969714.0	3103232.0	12236312.0	26973442.0
	10.0	11.0	12.0	13.0	14.0	15.0	16.0	17.0	18.0	19.0	20.0	21.0	22.0	23.0	24.0	25.0	26.0	27.0	28.0	29.0	30.0	31.0	32.0	33.0	34.0	35.0	36.0	37.0
fastqc | MantonBM2_HiSeq_3_S11_L005_I1_001	5.0	0.0	3655.0	6199.0	13341.0	6406.0	24193.0	38921.0	74580.0	50406.0	85639.0	82726.0	162901.0	215320.0	139198.0	302846.0	215684.0	438937.0	592129.0	395998.0	916255.0	1096138.0	1150744.0	1790777.0	1787110.0	3087078.0	15992618.0	27304919.0
	10.0	11.0	12.0	13.0	14.0	15.0	16.0	17.0	18.0	19.0	20.0	21.0	22.0	23.0	24.0	25.0	26.0	27.0	28.0	29.0	30.0	31.0	32.0	33.0	34.0	35.0	36.0	37.0
fastqc | MantonBM2_HiSeq_3_S11_L006_I1_001	7.0	0.0	3989.0	7454.0	16006.0	7734.0	29074.0	46835.0	90396.0	61256.0	105038.0	100547.0	197416.0	262155.0	169074.0	368686.0	260828.0	530171.0	699515.0	461716.0	1039451.0	1176995.0	1282662.0	1901622.0	1876310.0	3138807.0	13933942.0	23494283.0
	10.0	11.0	12.0	13.0	14.0	15.0	16.0	17.0	18.0	19.0	20.0	21.0	22.0	23.0	24.0	25.0	26.0	27.0	28.0	29.0	30.0	31.0	32.0	33.0	34.0	35.0	36.0	37.0	38.0
fastqc | MantonBM2_HiSeq_4_S12_L005_I1_001	10.0	0.0	2235.0	3580.0	8218.0	3610.0	14242.0	24644.0	45463.0	37061.0	56856.0	58633.0	131056.0	163314.0	123389.0	261109.0	189258.0	403576.0	542845.0	356665.0	853347.0	959187.0	1156672.0	1624900.0	1559043.0	2794884.0	10917276.0	31969339.0	1.0
	10.0	11.0	12.0	13.0	14.0	15.0	16.0	17.0	18.0	19.0	20.0	21.0	22.0	23.0	24.0	25.0	26.0	27.0	28.0	29.0	30.0	31.0	32.0	33.0	34.0	35.0	36.0	37.0
fastqc | MantonBM2_HiSeq_4_S12_L006_I1_001	3.0	0.0	2325.0	4006.0	8976.0	3926.0	15863.0	28204.0	52456.0	43260.0	67905.0	69373.0	159621.0	199670.0	151487.0	322016.0	232746.0	493192.0	655739.0	422974.0	985008.0	1078817.0	1266773.0	1762829.0	1701830.0	2930818.0	10022976.0	27316624.0
	10.0	11.0	12.0	13.0	14.0	15.0	16.0	17.0	18.0	19.0	20.0	21.0	22.0	23.0	24.0	25.0	26.0	27.0	28.0	29.0	30.0	31.0	32.0	33.0	34.0	35.0	36.0	37.0
fastqc | MantonBM2_HiSeq_5_S13_L005_I1_001	5.0	0.0	2289.0	3780.0	8639.0	3334.0	14683.0	24689.0	48830.0	37929.0	58394.0	65417.0	134465.0	186149.0	130459.0	281378.0	218434.0	415047.0	574217.0	398030.0	837182.0	1053906.0	1239614.0	1714791.0	1700494.0	2570453.0	11377542.0	36474476.0
	10.0	11.0	12.0	13.0	14.0	15.0	16.0	17.0	18.0	19.0	20.0	21.0	22.0	23.0	24.0	25.0	26.0	27.0	28.0	29.0	30.0	31.0	32.0	33.0	34.0	35.0	36.0	37.0	38.0
fastqc | MantonBM2_HiSeq_5_S13_L006_I1_001	2.0	0.0	2525.0	4098.0	9677.0	3914.0	16900.0	28759.0	57064.0	44350.0	70776.0	78593.0	163820.0	230971.0	160304.0	347254.0	267804.0	509527.0	694774.0	470618.0	975732.0	1150706.0	1355215.0	1852865.0	1838527.0	2742324.0	10462572.0	31238082.0	1.0
	10.0	11.0	12.0	13.0	14.0	15.0	16.0	17.0	18.0	19.0	20.0	21.0	22.0	23.0	24.0	25.0	26.0	27.0	28.0	29.0	30.0	31.0	32.0	33.0	34.0	35.0	36.0	37.0
fastqc | MantonBM2_HiSeq_6_S14_L005_I1_001	12.0	0.0	2199.0	3655.0	8276.0	3491.0	14521.0	24368.0	46909.0	35602.0	56620.0	59506.0	121928.0	164555.0	112748.0	244223.0	181322.0	372153.0	511086.0	355910.0	839407.0	981818.0	1125339.0	1696630.0	1577421.0	2763281.0	11378938.0	36792489.0
	10.0	11.0	12.0	13.0	14.0	15.0	16.0	17.0	18.0	19.0	20.0	21.0	22.0	23.0	24.0	25.0	26.0	27.0	28.0	29.0	30.0	31.0	32.0	33.0	34.0	35.0	36.0	37.0
fastqc | MantonBM2_HiSeq_6_S14_L006_I1_001	8.0	0.0	2445.0	4079.0	9270.0	4099.0	16588.0	28125.0	55140.0	41485.0	68321.0	71417.0	148377.0	201568.0	137985.0	301296.0	223492.0	454938.0	618804.0	417134.0	964184.0	1074563.0	1257575.0	1839126.0	1733422.0	2956340.0	10634580.0	31552363.0
	10.0	11.0	12.0	13.0	14.0	15.0	16.0	17.0	18.0	19.0	20.0	21.0	22.0	23.0	24.0	25.0	26.0	27.0	28.0	29.0	30.0	31.0	32.0	33.0	34.0	35.0	36.0	37.0
fastqc | MantonBM2_HiSeq_7_S15_L005_I1_001	9.0	0.0	2995.0	4763.0	10795.0	4631.0	18902.0	30843.0	61858.0	45783.0	74871.0	77712.0	160328.0	217440.0	149789.0	335764.0	241983.0	499117.0	686225.0	455878.0	1046665.0	1246277.0	1435241.0	2056505.0	1995598.0	3516903.0	16784325.0	36711428.0
	10.0	11.0	12.0	13.0	14.0	15.0	16.0	17.0	18.0	19.0	20.0	21.0	22.0	23.0	24.0	25.0	26.0	27.0	28.0	29.0	30.0	31.0	32.0	33.0	34.0	35.0	36.0	37.0	38.0
fastqc | MantonBM2_HiSeq_7_S15_L006_I1_001	6.0	0.0	3321.0	5405.0	12537.0	5350.0	22720.0	35799.0	74282.0	54208.0	91125.0	95370.0	195513.0	268861.0	184059.0	416343.0	296366.0	609241.0	828559.0	535328.0	1200952.0	1370381.0	1572625.0	2225419.0	2151160.0	3687037.0	15404448.0	31091925.0	1.0
	10.0	11.0	12.0	13.0	14.0	15.0	16.0	17.0	18.0	19.0	20.0	21.0	22.0	23.0	24.0	25.0	26.0	27.0	28.0	29.0	30.0	31.0	32.0	33.0	34.0	35.0	36.0	37.0	38.0
fastqc | MantonBM2_HiSeq_8_S16_L005_I1_001	5.0	0.0	2106.0	3477.0	8469.0	3357.0	14117.0	23964.0	45464.0	35396.0	54599.0	55975.0	121812.0	153764.0	111098.0	246872.0	176201.0	376979.0	529037.0	359470.0	864639.0	1049059.0	1106849.0	1786238.0	1648414.0	3073980.0	15104982.0	27125648.0	1.0
	10.0	11.0	12.0	13.0	14.0	15.0	16.0	17.0	18.0	19.0	20.0	21.0	22.0	23.0	24.0	25.0	26.0	27.0	28.0	29.0	30.0	31.0	32.0	33.0	34.0	35.0	36.0	37.0	38.0
fastqc | MantonBM2_HiSeq_8_S16_L006_I1_001	5.0	0.0	2244.0	3645.0	9060.0	3758.0	16160.0	27515.0	53040.0	41425.0	64553.0	67074.0	145939.0	186982.0	135506.0	300930.0	215229.0	460872.0	633468.0	421696.0	994003.0	1150947.0	1253652.0	1929757.0	1776411.0	3177305.0	13599292.0	23089847.0	1.0
	10.0	11.0	12.0	13.0	14.0	15.0	16.0	17.0	18.0	19.0	20.0	21.0	22.0	23.0	24.0	25.0	26.0	27.0	28.0	29.0	30.0	31.0	32.0	33.0	34.0	35.0	36.0	37.0
fastqc | MantonBM3_HiSeq_1_S17_L003_I1_001	2.0	0.0	1304.0	2227.0	5000.0	2076.0	8829.0	15577.0	30866.0	25304.0	38383.0	44461.0	98145.0	136839.0	104391.0	233933.0	172868.0	394325.0	545394.0	370256.0	879479.0	1114815.0	1228016.0	1812099.0	1785782.0	3110359.0	16269369.0	26587925.0
	10.0	11.0	12.0	13.0	14.0	15.0	16.0	17.0	18.0	19.0	20.0	21.0	22.0	23.0	24.0	25.0	26.0	27.0	28.0	29.0	30.0	31.0	32.0	33.0	34.0	35.0	36.0	37.0
fastqc | MantonBM3_HiSeq_1_S17_L004_I1_001	4.0	0.0	1464.0	2391.0	5585.0	2440.0	9981.0	17347.0	35476.0	28664.0	44908.0	51313.0	112992.0	160075.0	119081.0	272458.0	201503.0	452085.0	622577.0	421203.0	986687.0	1170411.0	1253490.0	1809260.0	1848012.0	3163094.0	14733785.0	24519102.0
	10.0	11.0	12.0	13.0	14.0	15.0	16.0	17.0	18.0	19.0	20.0	21.0	22.0	23.0	24.0	25.0	26.0	27.0	28.0	29.0	30.0	31.0	32.0	33.0	34.0	35.0	36.0	37.0
fastqc | MantonBM3_HiSeq_2_S18_L003_I1_001	4.0	0.0	2538.0	4099.0	9264.0	4112.0	16640.0	27580.0	57924.0	47223.0	69451.0	82790.0	168418.0	233437.0	166338.0	350656.0	263299.0	539822.0	728043.0	493845.0	1053205.0	1352465.0	1827237.0	2346561.0	2354243.0	3264994.0	15101450.0	46917982.0
	10.0	11.0	12.0	13.0	14.0	15.0	16.0	17.0	18.0	19.0	20.0	21.0	22.0	23.0	24.0	25.0	26.0	27.0	28.0	29.0	30.0	31.0	32.0	33.0	34.0	35.0	36.0	37.0
fastqc | MantonBM3_HiSeq_2_S18_L004_I1_001	5.0	0.0	2849.0	4606.0	10260.0	4754.0	18850.0	31521.0	66530.0	53872.0	81164.0	96017.0	194180.0	269961.0	189766.0	401451.0	301783.0	609181.0	810693.0	545506.0	1160037.0	1414636.0	1828771.0	2279986.0	2387111.0	3318832.0	13594672.0	42801897.0
	10.0	11.0	12.0	13.0	14.0	15.0	16.0	17.0	18.0	19.0	20.0	21.0	22.0	23.0	24.0	25.0	26.0	27.0	28.0	29.0	30.0	31.0	32.0	33.0	34.0	35.0	36.0	37.0
fastqc | MantonBM3_HiSeq_3_S19_L003_I1_001	7.0	0.0	1290.0	2192.0	5775.0	2274.0	10572.0	18113.0	36932.0	30191.0	45066.0	54825.0	111160.0	159783.0	117091.0	250788.0	191912.0	405980.0	544996.0	370729.0	794761.0	1051828.0	1319788.0	1726336.0	1836515.0	2444425.0	12166898.0	31262152.0
	10.0	11.0	12.0	13.0	14.0	15.0	16.0	17.0	18.0	19.0	20.0	21.0	22.0	23.0	24.0	25.0	26.0	27.0	28.0	29.0	30.0	31.0	32.0	33.0	34.0	35.0	36.0	37.0
fastqc | MantonBM3_HiSeq_3_S19_L004_I1_001	6.0	0.0	1481.0	2425.0	6497.0	2477.0	11745.0	20589.0	42562.0	34282.0	53105.0	62574.0	129784.0	186698.0	135847.0	291082.0	222671.0	463227.0	610906.0	410472.0	878698.0	1100515.0	1315508.0	1684190.0	1890696.0	2481496.0	11132862.0	28383437.0
	10.0	11.0	12.0	13.0	14.0	15.0	16.0	17.0	18.0	19.0	20.0	21.0	22.0	23.0	24.0	25.0	26.0	27.0	28.0	29.0	30.0	31.0	32.0	33.0	34.0	35.0	36.0	37.0
fastqc | MantonBM3_HiSeq_4_S20_L003_I1_001	13.0	0.0	2511.0	4111.0	8301.0	3996.0	14620.0	23739.0	46491.0	36379.0	62764.0	62676.0	142469.0	188071.0	134690.0	308280.0	227928.0	445312.0	629960.0	418469.0	918384.0	1205132.0	1541276.0	2052826.0	1984597.0	2919625.0	14802941.0	40779499.0
	10.0	11.0	12.0	13.0	14.0	15.0	16.0	17.0	18.0	19.0	20.0	21.0	22.0	23.0	24.0	25.0	26.0	27.0	28.0	29.0	30.0	31.0	32.0	33.0	34.0	35.0	36.0	37.0	38.0
fastqc | MantonBM3_HiSeq_4_S20_L004_I1_001	10.0	0.0	2687.0	4314.0	9258.0	4524.0	16822.0	27376.0	54623.0	42160.0	73989.0	73885.0	166471.0	222623.0	158345.0	359313.0	264901.0	514722.0	715023.0	466319.0	1031356.0	1286775.0	1540322.0	2038163.0	2054380.0	3044818.0	13786029.0	37111493.0	2.0
	10.0	11.0	12.0	13.0	14.0	15.0	16.0	17.0	18.0	19.0	20.0	21.0	22.0	23.0	24.0	25.0	26.0	27.0	28.0	29.0	30.0	31.0	32.0	33.0	34.0	35.0	36.0	37.0	38.0
fastqc | MantonBM3_HiSeq_5_S21_L003_I1_001	7.0	0.0	1397.0	2200.0	5062.0	2154.0	8919.0	15677.0	31279.0	25160.0	39624.0	45396.0	97365.0	136272.0	101555.0	231286.0	172162.0	385356.0	532857.0	362932.0	826456.0	1072826.0	1247873.0	1763930.0	1750871.0	2790457.0	13905941.0	27593776.0	1.0
	10.0	11.0	12.0	13.0	14.0	15.0	16.0	17.0	18.0	19.0	20.0	21.0	22.0	23.0	24.0	25.0	26.0	27.0	28.0	29.0	30.0	31.0	32.0	33.0	34.0	35.0	36.0	37.0
fastqc | MantonBM3_HiSeq_5_S21_L004_I1_001	9.0	0.0	1511.0	2459.0	5643.0	2482.0	10054.0	17726.0	35906.0	28420.0	46008.0	51571.0	111320.0	157692.0	117170.0	265974.0	197376.0	439598.0	597876.0	402325.0	911241.0	1117856.0	1243176.0	1723123.0	1777622.0	2786385.0	12539968.0	25018530.0
	10.0	11.0	12.0	13.0	14.0	15.0	16.0	17.0	18.0	19.0	20.0	21.0	22.0	23.0	24.0	25.0	26.0	27.0	28.0	29.0	30.0	31.0	32.0	33.0	34.0	35.0	36.0	37.0
fastqc | MantonBM3_HiSeq_6_S22_L003_I1_001	4.0	0.0	1157.0	1943.0	4643.0	1946.0	8565.0	15539.0	29085.0	25833.0	39849.0	43893.0	102307.0	134757.0	106151.0	232941.0	176153.0	375205.0	529974.0	366641.0	821796.0	1033752.0	1286582.0	1774456.0	1678788.0	2784788.0	13818418.0	29058906.0
	10.0	11.0	12.0	13.0	14.0	15.0	16.0	17.0	18.0	19.0	20.0	21.0	22.0	23.0	24.0	25.0	26.0	27.0	28.0	29.0	30.0	31.0	32.0	33.0	34.0	35.0	36.0	37.0
fastqc | MantonBM3_HiSeq_6_S22_L004_I1_001	3.0	0.0	1240.0	2095.0	5170.0	2215.0	9600.0	17467.0	33811.0	29477.0	46168.0	50710.0	117317.0	156432.0	121771.0	267340.0	203085.0	426822.0	592264.0	406690.0	900757.0	1089332.0	1283458.0	1739886.0	1721045.0	2789755.0	12449946.0	26440435.0
	10.0	11.0	12.0	13.0	14.0	15.0	16.0	17.0	18.0	19.0	20.0	21.0	22.0	23.0	24.0	25.0	26.0	27.0	28.0	29.0	30.0	31.0	32.0	33.0	34.0	35.0	36.0	37.0
fastqc | MantonBM3_HiSeq_7_S23_L003_I1_001	1.0	0.0	966.0	1684.0	4244.0	1711.0	7392.0	13807.0	25742.0	22789.0	35104.0	37653.0	91741.0	119101.0	94622.0	216895.0	164994.0	350251.0	499304.0	356628.0	813414.0	1037018.0	1094565.0	1694878.0	1620134.0	2904203.0	13860467.0	24207593.0
	10.0	11.0	12.0	13.0	14.0	15.0	16.0	17.0	18.0	19.0	20.0	21.0	22.0	23.0	24.0	25.0	26.0	27.0	28.0	29.0	30.0	31.0	32.0	33.0	34.0	35.0	36.0	37.0
fastqc | MantonBM3_HiSeq_7_S23_L004_I1_001	5.0	0.0	1120.0	1789.0	4472.0	1945.0	8287.0	15372.0	28518.0	25374.0	39806.0	42520.0	104466.0	137418.0	108472.0	248652.0	189255.0	396021.0	557861.0	394984.0	884780.0	1072822.0	1085427.0	1653462.0	1638822.0	2836973.0	12365222.0	21833626.0
	10.0	11.0	12.0	13.0	14.0	15.0	16.0	17.0	18.0	19.0	20.0	21.0	22.0	23.0	24.0	25.0	26.0	27.0	28.0	29.0	30.0	31.0	32.0	33.0	34.0	35.0	36.0	37.0
fastqc | MantonBM3_HiSeq_8_S24_L003_I1_001	8.0	0.0	1313.0	2042.0	5254.0	2077.0	9441.0	16073.0	32684.0	26604.0	41156.0	46505.0	96620.0	140168.0	100345.0	227132.0	176733.0	367780.0	527905.0	355347.0	802627.0	1016529.0	1340956.0	1799720.0	1760662.0	2995674.0	13851805.0	27298253.0
	10.0	11.0	12.0	13.0	14.0	15.0	16.0	17.0	18.0	19.0	20.0	21.0	22.0	23.0	24.0	25.0	26.0	27.0	28.0	29.0	30.0	31.0	32.0	33.0	34.0	35.0	36.0	37.0
fastqc | MantonBM3_HiSeq_8_S24_L004_I1_001	6.0	0.0	1440.0	2287.0	5882.0	2467.0	10730.0	18096.0	37395.0	29994.0	47721.0	54561.0	111701.0	164591.0	116722.0	264961.0	207819.0	423964.0	600391.0	400851.0	888166.0	1082524.0	1347066.0	1785252.0	1801261.0	2991385.0	12639250.0	25012298.0
	10.0	11.0	12.0	13.0	14.0	15.0	16.0	17.0	18.0	19.0	20.0	21.0	22.0	23.0	24.0	25.0	26.0	27.0	28.0	29.0	30.0	31.0	32.0	33.0	34.0	35.0	36.0	37.0
fastqc | MantonBM4_HiSeq_1_S25_L001_I1_001	9.0	0.0	2380.0	3598.0	8502.0	3436.0	14845.0	25851.0	51458.0	41263.0	62190.0	71359.0	149021.0	205754.0	149480.0	327763.0	246169.0	514103.0	712381.0	474079.0	1095881.0	1348584.0	1467302.0	2077662.0	2066719.0	3642623.0	15949090.0	30927372.0
	10.0	11.0	12.0	13.0	14.0	15.0	16.0	17.0	18.0	19.0	20.0	21.0	22.0	23.0	24.0	25.0	26.0	27.0	28.0	29.0	30.0	31.0	32.0	33.0	34.0	35.0	36.0	37.0
fastqc | MantonBM4_HiSeq_1_S25_L002_I1_001	5.0	0.0	2360.0	3755.0	8927.0	3466.0	15767.0	28508.0	55525.0	45018.0	67249.0	76970.0	159732.0	217722.0	155645.0	340977.0	254804.0	523117.0	727150.0	483452.0	1113491.0	1301105.0	1364977.0	2070391.0	2064737.0	3578587.0	15598903.0	30228872.0
	10.0	11.0	12.0	13.0	14.0	15.0	16.0	17.0	18.0	19.0	20.0	21.0	22.0	23.0	24.0	25.0	26.0	27.0	28.0	29.0	30.0	31.0	32.0	33.0	34.0	35.0	36.0	37.0
fastqc | MantonBM4_HiSeq_2_S26_L001_I1_001	4.0	0.0	1406.0	2353.0	6302.0	2328.0	11142.0	20242.0	40342.0	34786.0	50907.0	60710.0	130992.0	178995.0	131236.0	295739.0	214897.0	453642.0	645026.0	423636.0	969267.0	1176060.0	1366750.0	1954985.0	1919872.0	3599686.0	14355313.0	24560357.0
	10.0	11.0	12.0	13.0	14.0	15.0	16.0	17.0	18.0	19.0	20.0	21.0	22.0	23.0	24.0	25.0	26.0	27.0	28.0	29.0	30.0	31.0	32.0	33.0	34.0	35.0	36.0	37.0
fastqc | MantonBM4_HiSeq_2_S26_L002_I1_001	4.0	0.0	1406.0	2391.0	6475.0	2237.0	11563.0	20996.0	41952.0	35915.0	53427.0	61711.0	134195.0	180478.0	130162.0	295817.0	216328.0	441385.0	640296.0	424722.0	956692.0	1116955.0	1227240.0	1921983.0	1883944.0	3495063.0	13531367.0	22423634.0
	10.0	11.0	12.0	13.0	14.0	15.0	16.0	17.0	18.0	19.0	20.0	21.0	22.0	23.0	24.0	25.0	26.0	27.0	28.0	29.0	30.0	31.0	32.0	33.0	34.0	35.0	36.0	37.0
fastqc | MantonBM4_HiSeq_3_S27_L001_I1_001	11.0	0.0	2732.0	4473.0	10114.0	4452.0	17620.0	25938.0	53137.0	36931.0	61766.0	63239.0	128689.0	174478.0	118508.0	262570.0	193756.0	380237.0	529485.0	349046.0	756304.0	989150.0	1299072.0	1515730.0	1620367.0	2378928.0	10053698.0	33553183.0
	10.0	11.0	12.0	13.0	14.0	15.0	16.0	17.0	18.0	19.0	20.0	21.0	22.0	23.0	24.0	25.0	26.0	27.0	28.0	29.0	30.0	31.0	32.0	33.0	34.0	35.0	36.0	37.0
fastqc | MantonBM4_HiSeq_3_S27_L002_I1_001	2.0	0.0	2951.0	4694.0	10932.0	4720.0	19002.0	28185.0	56830.0	39066.0	66003.0	66199.0	134083.0	180532.0	120280.0	265016.0	195600.0	372165.0	522283.0	345158.0	748004.0	961228.0	1177392.0	1498295.0	1600661.0	2295225.0	9739681.0	32214153.0
	10.0	11.0	12.0	13.0	14.0	15.0	16.0	17.0	18.0	19.0	20.0	21.0	22.0	23.0	24.0	25.0	26.0	27.0	28.0	29.0	30.0	31.0	32.0	33.0	34.0	35.0	36.0	37.0
fastqc | MantonBM4_HiSeq_4_S28_L001_I1_001	5.0	0.0	1966.0	3088.0	6667.0	2993.0	11581.0	18701.0	37901.0	30248.0	48574.0	54849.0	120051.0	167178.0	124897.0	278113.0	212443.0	442605.0	609940.0	407728.0	931505.0	1172207.0	1299560.0	1745269.0	1751321.0	3832578.0	13568353.0	29095025.0
	12.0	13.0	14.0	15.0	16.0	17.0	18.0	19.0	20.0	21.0	22.0	23.0	24.0	25.0	26.0	27.0	28.0	29.0	30.0	31.0	32.0	33.0	34.0	35.0	36.0	37.0	38.0
fastqc | MantonBM4_HiSeq_4_S28_L002_I1_001	2024.0	3289.0	7314.0	3196.0	12879.0	20032.0	41142.0	33222.0	52623.0	58132.0	127906.0	176548.0	128410.0	283640.0	216373.0	441722.0	610250.0	418093.0	941923.0	1117982.0	1179455.0	1741640.0	1727928.0	3648671.0	13233240.0	28037926.0	1.0
	10.0	11.0	12.0	13.0	14.0	15.0	16.0	17.0	18.0	19.0	20.0	21.0	22.0	23.0	24.0	25.0	26.0	27.0	28.0	29.0	30.0	31.0	32.0	33.0	34.0	35.0	36.0	37.0	38.0
fastqc | MantonBM4_HiSeq_5_S29_L001_I1_001	7.0	0.0	2116.0	3331.0	8381.0	3022.0	14622.0	25652.0	51566.0	41641.0	60558.0	72033.0	147203.0	202343.0	152000.0	314477.0	240110.0	496769.0	661846.0	447238.0	985956.0	1239396.0	1461677.0	1959566.0	2030941.0	3610142.0	15379865.0	29510971.0	1.0
	10.0	11.0	12.0	13.0	14.0	15.0	16.0	17.0	18.0	19.0	20.0	21.0	22.0	23.0	24.0	25.0	26.0	27.0	28.0	29.0	30.0	31.0	32.0	33.0	34.0	35.0	36.0	37.0
fastqc | MantonBM4_HiSeq_5_S29_L002_I1_001	2.0	0.0	2074.0	3239.0	8767.0	3056.0	15584.0	27065.0	53663.0	43993.0	63289.0	74396.0	148827.0	203465.0	148014.0	309974.0	235779.0	476540.0	646068.0	441644.0	969697.0	1171411.0	1262989.0	1888633.0	1946364.0	3408284.0	14555392.0	27606425.0
	10.0	11.0	12.0	13.0	14.0	15.0	16.0	17.0	18.0	19.0	20.0	21.0	22.0	23.0	24.0	25.0	26.0	27.0	28.0	29.0	30.0	31.0	32.0	33.0	34.0	35.0	36.0	37.0
fastqc | MantonBM4_HiSeq_6_S30_L001_I1_001	5.0	0.0	2045.0	3311.0	7601.0	3392.0	13964.0	23681.0	46879.0	36577.0	58864.0	64307.0	136713.0	188423.0	137378.0	296054.0	223385.0	460195.0	619082.0	415010.0	912990.0	1105369.0	1372724.0	1753700.0	1749152.0	2561187.0	10133874.0	32887232.0
	10.0	11.0	12.0	13.0	14.0	15.0	16.0	17.0	18.0	19.0	20.0	21.0	22.0	23.0	24.0	25.0	26.0	27.0	28.0	29.0	30.0	31.0	32.0	33.0	34.0	35.0	36.0	37.0
fastqc | MantonBM4_HiSeq_6_S30_L002_I1_001	5.0	0.0	2083.0	3341.0	8050.0	3468.0	14504.0	24870.0	48485.0	38646.0	61517.0	66007.0	139894.0	189596.0	136200.0	295325.0	220547.0	447472.0	602371.0	407635.0	896153.0	1053115.0	1212292.0	1684567.0	1669181.0	2422030.0	9534997.0	31068522.0
	10.0	11.0	12.0	13.0	14.0	15.0	16.0	17.0	18.0	19.0	20.0	21.0	22.0	23.0	24.0	25.0	26.0	27.0	28.0	29.0	30.0	31.0	32.0	33.0	34.0	35.0	36.0	37.0	38.0
fastqc | MantonBM4_HiSeq_7_S31_L001_I1_001	11.0	0.0	2443.0	3828.0	8368.0	3702.0	14748.0	23859.0	48155.0	39083.0	60498.0	68433.0	144811.0	201753.0	145432.0	307654.0	226643.0	477252.0	620850.0	400844.0	904918.0	1054837.0	1333304.0	1660667.0	1622216.0	2757657.0	10548619.0	31939409.0	1.0
	10.0	11.0	12.0	13.0	14.0	15.0	16.0	17.0	18.0	19.0	20.0	21.0	22.0	23.0	24.0	25.0	26.0	27.0	28.0	29.0	30.0	31.0	32.0	33.0	34.0	35.0	36.0	37.0	38.0
fastqc | MantonBM4_HiSeq_7_S31_L002_I1_001	2.0	0.0	2484.0	3975.0	8719.0	3839.0	15168.0	25550.0	50468.0	40343.0	63792.0	70333.0	147943.0	204979.0	143451.0	305927.0	224888.0	460999.0	604015.0	397093.0	892291.0	1018565.0	1166423.0	1608276.0	1555886.0	2565580.0	9949010.0	30405705.0	1.0
	10.0	11.0	12.0	13.0	14.0	15.0	16.0	17.0	18.0	19.0	20.0	21.0	22.0	23.0	24.0	25.0	26.0	27.0	28.0	29.0	30.0	31.0	32.0	33.0	34.0	35.0	36.0	37.0
fastqc | MantonBM4_HiSeq_8_S32_L001_I1_001	5.0	0.0	2102.0	3107.0	6836.0	2933.0	11736.0	19888.0	38718.0	34163.0	48685.0	60231.0	133186.0	183372.0	145446.0	301087.0	230767.0	505799.0	662825.0	447398.0	1047524.0	1329675.0	1467302.0	2095381.0	2189353.0	4031093.0	19399730.0	26742044.0
	12.0	13.0	14.0	15.0	16.0	17.0	18.0	19.0	20.0	21.0	22.0	23.0	24.0	25.0	26.0	27.0	28.0	29.0	30.0	31.0	32.0	33.0	34.0	35.0	36.0	37.0
fastqc | MantonBM4_HiSeq_8_S32_L002_I1_001	2129.0	3183.0	7504.0	3198.0	12402.0	21906.0	42893.0	37610.0	54477.0	65851.0	144380.0	196997.0	151140.0	316984.0	240861.0	518074.0	681331.0	468541.0	1078204.0	1308665.0	1390935.0	2120823.0	2209865.0	3963996.0	19322701.0	26510322.0
	10.0	11.0	12.0	13.0	14.0	15.0	16.0	17.0	18.0	19.0	20.0	21.0	22.0	23.0	24.0	25.0	26.0	27.0	28.0	29.0	30.0	31.0	32.0	33.0	34.0	35.0	36.0	37.0
fastqc | MantonBM5_HiSeq_1_S1_L001_I1_001	40.0	0.0	2701.0	4557.0	9497.0	5761.0	16926.0	31319.0	60530.0	50220.0	74057.0	83600.0	174490.0	225674.0	165893.0	356564.0	255517.0	531193.0	740043.0	481207.0	1002398.0	1291056.0	1593163.0	2298918.0	2267763.0	3130636.0	16233840.0	29760276.0
	10.0	11.0	12.0	13.0	14.0	15.0	16.0	17.0	18.0	19.0	20.0	21.0	22.0	23.0	24.0	25.0	26.0	27.0	28.0	29.0	30.0	31.0	32.0	33.0	34.0	35.0	36.0	37.0
fastqc | MantonBM5_HiSeq_1_S1_L002_I1_001	11.0	0.0	2834.0	4335.0	8515.0	3715.0	14743.0	23687.0	44410.0	33106.0	49620.0	52586.0	103738.0	135140.0	91372.0	193049.0	142523.0	287147.0	400708.0	268609.0	587763.0	752166.0	1273034.0	1502691.0	1583710.0	2431865.0	15595425.0	36443123.0
	10.0	11.0	12.0	13.0	14.0	15.0	16.0	17.0	18.0	19.0	20.0	21.0	22.0	23.0	24.0	25.0	26.0	27.0	28.0	29.0	30.0	31.0	32.0	33.0	34.0	35.0	36.0	37.0
fastqc | MantonBM5_HiSeq_2_S2_L001_I1_001	53.0	0.0	2886.0	4905.0	10348.0	6256.0	19048.0	34614.0	65161.0	52750.0	82684.0	85616.0	187574.0	228987.0	172327.0	363993.0	250947.0	558441.0	762579.0	489594.0	1057797.0	1280085.0	1643668.0	2220703.0	2240692.0	3298680.0	12461551.0	34876355.0
	10.0	11.0	12.0	13.0	14.0	15.0	16.0	17.0	18.0	19.0	20.0	21.0	22.0	23.0	24.0	25.0	26.0	27.0	28.0	29.0	30.0	31.0	32.0	33.0	34.0	35.0	36.0	37.0
fastqc | MantonBM5_HiSeq_2_S2_L002_I1_001	11.0	0.0	2746.0	4499.0	8907.0	4280.0	15725.0	26274.0	47438.0	36479.0	57141.0	55915.0	116209.0	141342.0	96856.0	201277.0	140074.0	302103.0	402053.0	270204.0	592321.0	723599.0	1311424.0	1496529.0	1538400.0	2577954.0	11997602.0	41508020.0
	10.0	11.0	12.0	13.0	14.0	15.0	16.0	17.0	18.0	19.0	20.0	21.0	22.0	23.0	24.0	25.0	26.0	27.0	28.0	29.0	30.0	31.0	32.0	33.0	34.0	35.0	36.0	37.0
fastqc | MantonBM5_HiSeq_3_S3_L001_I1_001	49.0	0.0	3191.0	5413.0	11328.0	6835.0	20222.0	38058.0	73242.0	61715.0	90604.0	102127.0	219876.0	282172.0	215990.0	426493.0	315802.0	733778.0	916263.0	615239.0	1323486.0	1498745.0	1902173.0	2525788.0	2485088.0	3861975.0	14742133.0	31285267.0
	10.0	11.0	12.0	13.0	14.0	15.0	16.0	17.0	18.0	19.0	20.0	21.0	22.0	23.0	24.0	25.0	26.0	27.0	28.0	29.0	30.0	31.0	32.0	33.0	34.0	35.0	36.0	37.0
fastqc | MantonBM5_HiSeq_3_S3_L002_I1_001	12.0	0.0	3211.0	4810.0	10089.0	4538.0	16661.0	27953.0	51809.0	40161.0	59212.0	63923.0	132976.0	171022.0	123472.0	245325.0	181475.0	406572.0	508317.0	347136.0	770289.0	918131.0	1506718.0	1783222.0	1869569.0	3279531.0	14599207.0	37835541.0
	10.0	11.0	12.0	13.0	14.0	15.0	16.0	17.0	18.0	19.0	20.0	21.0	22.0	23.0	24.0	25.0	26.0	27.0	28.0	29.0	30.0	31.0	32.0	33.0	34.0	35.0	36.0	37.0
fastqc | MantonBM5_HiSeq_4_S4_L001_I1_001	50.0	0.0	2869.0	4662.0	9357.0	5802.0	16800.0	31357.0	57650.0	47455.0	73471.0	76476.0	173457.0	211260.0	164011.0	370825.0	249092.0	554040.0	790314.0	505427.0	1082451.0	1313127.0	1794256.0	2430499.0	2359853.0	3692566.0	17215525.0	27876819.0
	10.0	11.0	12.0	13.0	14.0	15.0	16.0	17.0	18.0	19.0	20.0	21.0	22.0	23.0	24.0	25.0	26.0	27.0	28.0	29.0	30.0	31.0	32.0	33.0	34.0	35.0	36.0	37.0
fastqc | MantonBM5_HiSeq_4_S4_L002_I1_001	14.0	0.0	2919.0	4385.0	8263.0	3940.0	14091.0	23698.0	42163.0	32434.0	49206.0	49281.0	106242.0	129111.0	94545.0	210555.0	144247.0	312825.0	432593.0	284817.0	636976.0	778070.0	1418593.0	1682382.0	1679511.0	3190406.0	16775211.0	34096255.0
	10.0	11.0	12.0	13.0	14.0	15.0	16.0	17.0	18.0	19.0	20.0	21.0	22.0	23.0	24.0	25.0	26.0	27.0	28.0	29.0	30.0	31.0	32.0	33.0	34.0	35.0	36.0	37.0
fastqc | MantonBM5_HiSeq_5_S5_L001_I1_001	48.0	0.0	2773.0	4610.0	10129.0	5705.0	17676.0	32697.0	62589.0	50363.0	75950.0	85251.0	178318.0	235432.0	180178.0	362951.0	270205.0	562690.0	768539.0	531059.0	1066576.0	1424081.0	1769849.0	2446043.0	2412740.0	3801995.0	17289238.0	29003706.0
	10.0	11.0	12.0	13.0	14.0	15.0	16.0	17.0	18.0	19.0	20.0	21.0	22.0	23.0	24.0	25.0	26.0	27.0	28.0	29.0	30.0	31.0	32.0	33.0	34.0	35.0	36.0	37.0
fastqc | MantonBM5_HiSeq_5_S5_L002_I1_001	15.0	0.0	2737.0	4177.0	9048.0	3933.0	14973.0	24091.0	45276.0	32949.0	50358.0	53487.0	105591.0	140522.0	98041.0	201162.0	152213.0	307488.0	423912.0	289386.0	623194.0	837180.0	1362021.0	1657861.0	1726834.0	2966414.0	17512501.0	35327454.0
	10.0	11.0	12.0	13.0	14.0	15.0	16.0	17.0	18.0	19.0	20.0	21.0	22.0	23.0	24.0	25.0	26.0	27.0	28.0	29.0	30.0	31.0	32.0	33.0	34.0	35.0	36.0	37.0
fastqc | MantonBM5_HiSeq_6_S6_L001_I1_001	47.0	0.0	3405.0	5678.0	12173.0	6793.0	21742.0	41497.0	78571.0	66289.0	93489.0	105044.0	216332.0	270843.0	199807.0	399538.0	276911.0	600304.0	776460.0	499339.0	1051991.0	1198049.0	1648419.0	2216748.0	2138526.0	3131634.0	12692323.0	33120879.0
	10.0	11.0	12.0	13.0	14.0	15.0	16.0	17.0	18.0	19.0	20.0	21.0	22.0	23.0	24.0	25.0	26.0	27.0	28.0	29.0	30.0	31.0	32.0	33.0	34.0	35.0	36.0	37.0
fastqc | MantonBM5_HiSeq_6_S6_L002_I1_001	13.0	0.0	3349.0	5225.0	10699.0	4806.0	18226.0	31061.0	57025.0	44940.0	63209.0	66639.0	131659.0	162152.0	111121.0	227122.0	157141.0	332802.0	435521.0	284935.0	629192.0	728129.0	1316755.0	1514892.0	1522509.0	2510308.0	12080443.0	39615937.0
	10.0	11.0	12.0	13.0	14.0	15.0	16.0	17.0	18.0	19.0	20.0	21.0	22.0	23.0	24.0	25.0	26.0	27.0	28.0	29.0	30.0	31.0	32.0	33.0	34.0	35.0	36.0	37.0
fastqc | MantonBM5_HiSeq_7_S7_L001_I1_001	36.0	0.0	2698.0	4454.0	9198.0	5247.0	15859.0	29412.0	52487.0	42908.0	65416.0	68213.0	146295.0	182427.0	138153.0	287364.0	206368.0	432550.0	572792.0	374745.0	811552.0	938411.0	1231102.0	1644061.0	1616736.0	2343218.0	8671129.0	27212624.0
	10.0	11.0	12.0	13.0	14.0	15.0	16.0	17.0	18.0	19.0	20.0	21.0	22.0	23.0	24.0	25.0	26.0	27.0	28.0	29.0	30.0	31.0	32.0	33.0	34.0	35.0	36.0	37.0
fastqc | MantonBM5_HiSeq_7_S7_L002_I1_001	16.0	0.0	2738.0	4093.0	8421.0	3673.0	13516.0	22825.0	38676.0	29659.0	44593.0	43382.0	89139.0	108808.0	75325.0	157218.0	114748.0	228227.0	316569.0	206690.0	466552.0	561835.0	996274.0	1117365.0	1157112.0	1820539.0	8284659.0	31857965.0
	10.0	11.0	12.0	13.0	14.0	15.0	16.0	17.0	18.0	19.0	20.0	21.0	22.0	23.0	24.0	25.0	26.0	27.0	28.0	29.0	30.0	31.0	32.0	33.0	34.0	35.0	36.0	37.0
fastqc | MantonBM5_HiSeq_8_S8_L001_I1_001	45.0	0.0	3393.0	5390.0	11279.0	6230.0	20371.0	37208.0	72073.0	61922.0	83939.0	101724.0	199183.0	276088.0	226725.0	384883.0	300302.0	653967.0	776985.0	525592.0	1074880.0	1285546.0	1543760.0	2268166.0	2372004.0	2870413.0	17321863.0	23205334.0
	10.0	11.0	12.0	13.0	14.0	15.0	16.0	17.0	18.0	19.0	20.0	21.0	22.0	23.0	24.0	25.0	26.0	27.0	28.0	29.0	30.0	31.0	32.0	33.0	34.0	35.0	36.0	37.0
fastqc | MantonBM5_HiSeq_8_S8_L002_I1_001	11.0	0.0	3424.0	5083.0	10472.0	4502.0	17743.0	28942.0	54416.0	42981.0	58767.0	68342.0	125613.0	174586.0	124166.0	227348.0	172120.0	353122.0	452852.0	308512.0	644820.0	814251.0	1288839.0	1607455.0	1868337.0	2487583.0	17939901.0	27794140.0
	10.0	11.0	12.0	13.0	14.0	15.0	16.0	17.0	18.0	19.0	20.0	21.0	22.0	23.0	24.0	25.0	26.0	27.0	28.0	29.0	30.0	31.0	32.0	33.0	34.0	35.0	36.0	37.0
fastqc | MantonBM6_HiSeq_1_S9_L003_I1_001	13.0	0.0	2897.0	4128.0	8154.0	3728.0	13666.0	20981.0	40363.0	30044.0	44596.0	48992.0	101109.0	128085.0	92325.0	193785.0	138647.0	294195.0	401285.0	281203.0	598826.0	808375.0	1561262.0	1541698.0	1711808.0	2787408.0	14470242.0	41332297.0
	10.0	11.0	12.0	13.0	14.0	15.0	16.0	17.0	18.0	19.0	20.0	21.0	22.0	23.0	24.0	25.0	26.0	27.0	28.0	29.0	30.0	31.0	32.0	33.0	34.0	35.0	36.0	37.0
fastqc | MantonBM6_HiSeq_1_S9_L004_I1_001	16.0	0.0	2843.0	4191.0	8210.0	3840.0	13690.0	21597.0	41071.0	30456.0	45950.0	48715.0	101189.0	127907.0	91099.0	190202.0	135814.0	285140.0	385179.0	266224.0	565987.0	757286.0	1526817.0	1434192.0	1626071.0	2584674.0	14151823.0	42565873.0
	10.0	11.0	12.0	13.0	14.0	15.0	16.0	17.0	18.0	19.0	20.0	21.0	22.0	23.0	24.0	25.0	26.0	27.0	28.0	29.0	30.0	31.0	32.0	33.0	34.0	35.0	36.0	37.0
fastqc | MantonBM6_HiSeq_2_S10_L003_I1_001	9.0	0.0	2691.0	3937.0	7643.0	3760.0	13122.0	20544.0	39447.0	30211.0	50070.0	48992.0	105948.0	138480.0	103483.0	208569.0	155597.0	351681.0	485159.0	315185.0	787707.0	1024846.0	1765213.0	2035221.0	2118568.0	5700689.0	18364228.0	36563096.0
	10.0	11.0	12.0	13.0	14.0	15.0	16.0	17.0	18.0	19.0	20.0	21.0	22.0	23.0	24.0	25.0	26.0	27.0	28.0	29.0	30.0	31.0	32.0	33.0	34.0	35.0	36.0	37.0
fastqc | MantonBM6_HiSeq_2_S10_L004_I1_001	6.0	0.0	2760.0	3992.0	7812.0	3788.0	13559.0	21184.0	40872.0	31032.0	51800.0	50001.0	106182.0	140144.0	102587.0	206598.0	154404.0	342989.0	467029.0	307348.0	756619.0	993650.0	1689263.0	1917366.0	2056068.0	5701997.0	18208874.0	37440290.0
	10.0	11.0	12.0	13.0	14.0	15.0	16.0	17.0	18.0	19.0	20.0	21.0	22.0	23.0	24.0	25.0	26.0	27.0	28.0	29.0	30.0	31.0	32.0	33.0	34.0	35.0	36.0	37.0
fastqc | MantonBM6_HiSeq_4_S11_L003_I1_001	17.0	0.0	2089.0	3234.0	6801.0	2959.0	11707.0	19167.0	38054.0	29307.0	40971.0	47164.0	87726.0	119726.0	81805.0	174194.0	128231.0	278544.0	399672.0	276689.0	614851.0	894402.0	1598392.0	1672625.0	1747675.0	3314130.0	19624594.0	36535799.0
	10.0	11.0	12.0	13.0	14.0	15.0	16.0	17.0	18.0	19.0	20.0	21.0	22.0	23.0	24.0	25.0	26.0	27.0	28.0	29.0	30.0	31.0	32.0	33.0	34.0	35.0	36.0	37.0
fastqc | MantonBM6_HiSeq_4_S11_L004_I1_001	20.0	0.0	2136.0	3388.0	7057.0	3099.0	12270.0	20173.0	39464.0	30127.0	42260.0	48613.0	90044.0	122469.0	82845.0	176430.0	128853.0	277412.0	388739.0	262844.0	590794.0	830726.0	1546495.0	1548832.0	1641043.0	3106352.0	18714601.0	38328381.0
	10.0	11.0	12.0	13.0	14.0	15.0	16.0	17.0	18.0	19.0	20.0	21.0	22.0	23.0	24.0	25.0	26.0	27.0	28.0	29.0	30.0	31.0	32.0	33.0	34.0	35.0	36.0	37.0
fastqc | MantonBM6_HiSeq_5_S12_L003_I1_001	11.0	0.0	2133.0	3225.0	6994.0	3104.0	12475.0	20384.0	40216.0	33016.0	45211.0	53889.0	108888.0	144917.0	107740.0	210847.0	160081.0	336181.0	450693.0	317156.0	699642.0	990317.0	1625313.0	1858745.0	2071327.0	3362764.0	17252559.0	37313163.0
	10.0	11.0	12.0	13.0	14.0	15.0	16.0	17.0	18.0	19.0	20.0	21.0	22.0	23.0	24.0	25.0	26.0	27.0	28.0	29.0	30.0	31.0	32.0	33.0	34.0	35.0	36.0	37.0
fastqc | MantonBM6_HiSeq_5_S12_L004_I1_001	20.0	0.0	2092.0	3290.0	7239.0	3219.0	12762.0	20813.0	41275.0	33651.0	46400.0	55023.0	109180.0	145889.0	104938.0	212240.0	158142.0	324669.0	434204.0	299286.0	658316.0	907476.0	1571590.0	1707277.0	1921452.0	3104789.0	16874610.0	38855653.0
	10.0	11.0	12.0	13.0	14.0	15.0	16.0	17.0	18.0	19.0	20.0	21.0	22.0	23.0	24.0	25.0	26.0	27.0	28.0	29.0	30.0	31.0	32.0	33.0	34.0	35.0	36.0	37.0
fastqc | MantonBM6_HiSeq_6_S13_L003_I1_001	5.0	0.0	1760.0	2712.0	5756.0	2728.0	10487.0	17816.0	33861.0	27413.0	39349.0	44669.0	93325.0	119905.0	90129.0	196981.0	143911.0	326790.0	475518.0	332885.0	782174.0	1190887.0	1900831.0	2284956.0	2346707.0	5370641.0	30183496.0	28266855.0
	10.0	11.0	12.0	13.0	14.0	15.0	16.0	17.0	18.0	19.0	20.0	21.0	22.0	23.0	24.0	25.0	26.0	27.0	28.0	29.0	30.0	31.0	32.0	33.0	34.0	35.0	36.0	37.0
fastqc | MantonBM6_HiSeq_6_S13_L004_I1_001	10.0	0.0	1732.0	2742.0	5992.0	2711.0	10576.0	18118.0	35007.0	28416.0	40568.0	45527.0	95723.0	122929.0	91116.0	198519.0	144782.0	325023.0	464967.0	322165.0	753792.0	1130552.0	1836610.0	2142034.0	2211826.0	5286836.0	30475238.0	28860652.0
	10.0	11.0	12.0	13.0	14.0	15.0	16.0	17.0	18.0	19.0	20.0	21.0	22.0	23.0	24.0	25.0	26.0	27.0	28.0	29.0	30.0	31.0	32.0	33.0	34.0	35.0	36.0	37.0
fastqc | MantonBM6_HiSeq_7_S14_L003_I1_001	15.0	0.0	1893.0	2937.0	7064.0	2838.0	12376.0	20484.0	39707.0	31399.0	43851.0	50166.0	98317.0	127689.0	90037.0	189078.0	137079.0	280946.0	382894.0	266780.0	570809.0	807830.0	1526125.0	1524509.0	1696036.0	2507498.0	18083171.0	38185367.0
	10.0	11.0	12.0	13.0	14.0	15.0	16.0	17.0	18.0	19.0	20.0	21.0	22.0	23.0	24.0	25.0	26.0	27.0	28.0	29.0	30.0	31.0	32.0	33.0	34.0	35.0	36.0	37.0
fastqc | MantonBM6_HiSeq_7_S14_L004_I1_001	5.0	0.0	1906.0	2907.0	7364.0	2878.0	12545.0	21178.0	41081.0	31182.0	45590.0	49999.0	99435.0	128723.0	88637.0	187851.0	136085.0	274011.0	374375.0	260302.0	546375.0	757075.0	1500722.0	1405359.0	1592189.0	2337093.0	17940088.0	39176783.0
	10.0	11.0	12.0	13.0	14.0	15.0	16.0	17.0	18.0	19.0	20.0	21.0	22.0	23.0	24.0	25.0	26.0	27.0	28.0	29.0	30.0	31.0	32.0	33.0	34.0	35.0	36.0	37.0
fastqc | MantonBM6_HiSeq_8_S15_L003_I1_001	17.0	0.0	2377.0	3781.0	8095.0	3730.0	14293.0	22221.0	44931.0	34072.0	50106.0	54517.0	108301.0	136416.0	93373.0	202156.0	139635.0	291260.0	400050.0	271783.0	603187.0	844223.0	1633668.0	1679520.0	1738343.0	2775373.0	16853874.0	42324373.0
	10.0	11.0	12.0	13.0	14.0	15.0	16.0	17.0	18.0	19.0	20.0	21.0	22.0	23.0	24.0	25.0	26.0	27.0	28.0	29.0	30.0	31.0	32.0	33.0	34.0	35.0	36.0	37.0
fastqc | MantonBM6_HiSeq_8_S15_L004_I1_001	14.0	0.0	2570.0	3927.0	8317.0	3881.0	14859.0	23010.0	45522.0	34172.0	51973.0	54523.0	109330.0	138305.0	92582.0	201810.0	140873.0	283027.0	393779.0	265989.0	575333.0	806676.0	1604173.0	1557492.0	1674129.0	2647392.0	16739705.0	43246104.0
	10.0	11.0	12.0	13.0	14.0	15.0	16.0	17.0	18.0	19.0	20.0	21.0	22.0	23.0	24.0	25.0	26.0	27.0	28.0	29.0	30.0	31.0	32.0	33.0	34.0	35.0	36.0	37.0
fastqc | MantonBM7_HiSeq_1_S16_L005_I1_001	6.0	0.0	1050.0	1771.0	3598.0	1749.0	6638.0	11046.0	20854.0	16143.0	21407.0	24865.0	46898.0	60544.0	41845.0	86744.0	64849.0	130895.0	188144.0	139711.0	280857.0	424513.0	876829.0	889481.0	892385.0	1361310.0	9040963.0	23995351.0
	10.0	11.0	12.0	13.0	14.0	15.0	16.0	17.0	18.0	19.0	20.0	21.0	22.0	23.0	24.0	25.0	26.0	27.0	28.0	29.0	30.0	31.0	32.0	33.0	34.0	35.0	36.0	37.0
fastqc | MantonBM7_HiSeq_1_S16_L006_I1_001	15.0	0.0	1889.0	2962.0	5643.0	2699.0	10139.0	15617.0	29435.0	21620.0	31132.0	32908.0	63208.0	79059.0	53385.0	111072.0	82216.0	158755.0	225455.0	163509.0	321521.0	466441.0	993950.0	930940.0	1017559.0	1373209.0	8880859.0	30813538.0
	10.0	11.0	12.0	13.0	14.0	15.0	16.0	17.0	18.0	19.0	20.0	21.0	22.0	23.0	24.0	25.0	26.0	27.0	28.0	29.0	30.0	31.0	32.0	33.0	34.0	35.0	36.0	37.0
fastqc | MantonBM7_HiSeq_2_S17_L005_I1_001	7.0	0.0	718.0	1249.0	2889.0	1280.0	5254.0	9284.0	17964.0	16814.0	22107.0	26336.0	61245.0	72382.0	57422.0	120284.0	82436.0	193860.0	272940.0	188602.0	448695.0	714504.0	1082709.0	1287883.0	1525193.0	3866313.0	16979451.0	16063604.0
	10.0	11.0	12.0	13.0	14.0	15.0	16.0	17.0	18.0	19.0	20.0	21.0	22.0	23.0	24.0	25.0	26.0	27.0	28.0	29.0	30.0	31.0	32.0	33.0	34.0	35.0	36.0	37.0
fastqc | MantonBM7_HiSeq_2_S17_L006_I1_001	9.0	0.0	1308.0	2100.0	4727.0	2116.0	8435.0	14441.0	26649.0	23696.0	32358.0	36155.0	80717.0	94705.0	71898.0	149232.0	102539.0	230691.0	317715.0	218414.0	496806.0	752973.0	1230281.0	1379270.0	1591273.0	3715380.0	19542611.0	21235316.0
	10.0	11.0	12.0	13.0	14.0	15.0	16.0	17.0	18.0	19.0	20.0	21.0	22.0	23.0	24.0	25.0	26.0	27.0	28.0	29.0	30.0	31.0	32.0	33.0	34.0	35.0	36.0	37.0
fastqc | MantonBM7_HiSeq_3_S18_L005_I1_001	28.0	0.0	2076.0	3206.0	6569.0	3219.0	11870.0	17777.0	34126.0	25132.0	35672.0	39127.0	70260.0	91756.0	61120.0	124186.0	92461.0	185586.0	259893.0	187044.0	392483.0	584576.0	1012153.0	1134897.0	1153770.0	2041295.0	11388162.0	24747093.0
	10.0	11.0	12.0	13.0	14.0	15.0	16.0	17.0	18.0	19.0	20.0	21.0	22.0	23.0	24.0	25.0	26.0	27.0	28.0	29.0	30.0	31.0	32.0	33.0	34.0	35.0	36.0	37.0
fastqc | MantonBM7_HiSeq_3_S18_L006_I1_001	24.0	0.0	3166.0	4945.0	9570.0	4537.0	16178.0	24568.0	46351.0	33070.0	48580.0	50018.0	92221.0	116859.0	77050.0	157650.0	115223.0	223853.0	307097.0	218183.0	441031.0	627472.0	1135793.0	1171803.0	1245053.0	1942767.0	11140364.0	32524131.0
	10.0	11.0	12.0	13.0	14.0	15.0	16.0	17.0	18.0	19.0	20.0	21.0	22.0	23.0	24.0	25.0	26.0	27.0	28.0	29.0	30.0	31.0	32.0	33.0	34.0	35.0	36.0	37.0
fastqc | MantonBM7_HiSeq_4_S19_L005_I1_001	11.0	0.0	1090.0	1888.0	4298.0	1888.0	7682.0	13031.0	25224.0	19483.0	28548.0	30863.0	62059.0	76698.0	54460.0	114219.0	79518.0	168892.0	235277.0	174300.0	365067.0	567563.0	1252688.0	1382263.0	1171653.0	2177143.0	19076289.0	25529329.0
	10.0	11.0	12.0	13.0	14.0	15.0	16.0	17.0	18.0	19.0	20.0	21.0	22.0	23.0	24.0	25.0	26.0	27.0	28.0	29.0	30.0	31.0	32.0	33.0	34.0	35.0	36.0	37.0
fastqc | MantonBM7_HiSeq_4_S19_L006_I1_001	16.0	0.0	1893.0	3140.0	6749.0	3152.0	11802.0	19578.0	36518.0	27424.0	40438.0	41425.0	82805.0	100881.0	69608.0	145581.0	101882.0	207569.0	286480.0	207986.0	427409.0	635406.0	1404777.0	1445151.0	1369096.0	2231267.0	21261932.0	31952818.0
	10.0	11.0	12.0	13.0	14.0	15.0	16.0	17.0	18.0	19.0	20.0	21.0	22.0	23.0	24.0	25.0	26.0	27.0	28.0	29.0	30.0	31.0	32.0	33.0	34.0	35.0	36.0	37.0
fastqc | MantonBM7_HiSeq_5_S20_L005_I1_001	6.0	0.0	1096.0	1711.0	3298.0	1715.0	6153.0	10099.0	20249.0	16276.0	23392.0	27252.0	53554.0	74040.0	55007.0	107180.0	79452.0	168149.0	214837.0	150169.0	345546.0	479825.0	938457.0	963385.0	972393.0	1763683.0	10252011.0	23239446.0
	10.0	11.0	12.0	13.0	14.0	15.0	16.0	17.0	18.0	19.0	20.0	21.0	22.0	23.0	24.0	25.0	26.0	27.0	28.0	29.0	30.0	31.0	32.0	33.0	34.0	35.0	36.0	37.0
fastqc | MantonBM7_HiSeq_5_S20_L006_I1_001	10.0	0.0	1837.0	3009.0	5512.0	2860.0	9552.0	15870.0	30521.0	23108.0	33824.0	37393.0	70999.0	96065.0	66834.0	133040.0	97708.0	198812.0	254131.0	175232.0	385764.0	515562.0	1055246.0	999263.0	1074458.0	1734222.0	10316434.0	30176977.0
	10.0	11.0	12.0	13.0	14.0	15.0	16.0	17.0	18.0	19.0	20.0	21.0	22.0	23.0	24.0	25.0	26.0	27.0	28.0	29.0	30.0	31.0	32.0	33.0	34.0	35.0	36.0	37.0
fastqc | MantonBM7_HiSeq_6_S21_L005_I1_001	5.0	0.0	612.0	1076.0	2573.0	1048.0	4493.0	7869.0	15259.0	13710.0	18340.0	22229.0	49294.0	60987.0	49038.0	99611.0	72395.0	167054.0	240346.0	171097.0	389179.0	644557.0	986027.0	1232420.0	1421632.0	2902151.0	16326248.0	13569033.0
	10.0	11.0	12.0	13.0	14.0	15.0	16.0	17.0	18.0	19.0	20.0	21.0	22.0	23.0	24.0	25.0	26.0	27.0	28.0	29.0	30.0	31.0	32.0	33.0	34.0	35.0	36.0	37.0
fastqc | MantonBM7_HiSeq_6_S21_L006_I1_001	6.0	0.0	1104.0	1794.0	4351.0	1742.0	7465.0	12351.0	23340.0	19698.0	27043.0	31057.0	66420.0	80666.0	61682.0	126257.0	91120.0	200948.0	280544.0	198598.0	433682.0	670393.0	1097566.0	1287648.0	1438411.0	2780636.0	18396186.0	18723199.0
	10.0	11.0	12.0	13.0	14.0	15.0	16.0	17.0	18.0	19.0	20.0	21.0	22.0	23.0	24.0	25.0	26.0	27.0	28.0	29.0	30.0	31.0	32.0	33.0	34.0	35.0	36.0	37.0
fastqc | MantonBM7_HiSeq_7_S22_L005_I1_001	8.0	0.0	1131.0	1679.0	3190.0	1656.0	5647.0	10196.0	19013.0	16692.0	20652.0	26613.0	51463.0	69046.0	51045.0	97332.0	74625.0	171810.0	230360.0	158361.0	389163.0	564993.0	995877.0	1089150.0	1317396.0	2353523.0	11520106.0	16763327.0
	10.0	11.0	12.0	13.0	14.0	15.0	16.0	17.0	18.0	19.0	20.0	21.0	22.0	23.0	24.0	25.0	26.0	27.0	28.0	29.0	30.0	31.0	32.0	33.0	34.0	35.0	36.0	37.0
fastqc | MantonBM7_HiSeq_7_S22_L006_I1_001	18.0	0.0	1853.0	2670.0	5178.0	2577.0	8797.0	15198.0	27558.0	22425.0	30333.0	35290.0	67539.0	88194.0	62957.0	121099.0	91821.0	201737.0	269068.0	183382.0	428456.0	609659.0	1107948.0	1159506.0	1433551.0	2440921.0	12236978.0	22329306.0
	10.0	11.0	12.0	13.0	14.0	15.0	16.0	17.0	18.0	19.0	20.0	21.0	22.0	23.0	24.0	25.0	26.0	27.0	28.0	29.0	30.0	31.0	32.0	33.0	34.0	35.0	36.0	37.0
fastqc | MantonBM7_HiSeq_8_S23_L005_I1_001	9.0	0.0	888.0	1599.0	3933.0	1661.0	7295.0	11977.0	23822.0	18970.0	24276.0	30792.0	55586.0	77033.0	53213.0	106753.0	81528.0	163827.0	230187.0	166947.0	341547.0	519010.0	984261.0	1092686.0	1115566.0	1642746.0	14374030.0	20275889.0
	10.0	11.0	12.0	13.0	14.0	15.0	16.0	17.0	18.0	19.0	20.0	21.0	22.0	23.0	24.0	25.0	26.0	27.0	28.0	29.0	30.0	31.0	32.0	33.0	34.0	35.0	36.0	37.0
fastqc | MantonBM7_HiSeq_8_S23_L006_I1_001	24.0	0.0	1679.0	2744.0	6085.0	2531.0	10774.0	17430.0	33684.0	25903.0	34308.0	40308.0	72725.0	98123.0	65702.0	132185.0	98631.0	192557.0	265890.0	189779.0	380302.0	552335.0	1096186.0	1140095.0	1255369.0	1623316.0	15263372.0	26552991.0
	10.0	11.0	12.0	13.0	14.0	15.0	16.0	17.0	18.0	19.0	20.0	21.0	22.0	23.0	24.0	25.0	26.0	27.0	28.0	29.0	30.0	31.0	32.0	33.0	34.0	35.0	36.0	37.0
fastqc | MantonBM8_HiSeq_1_S24_L007_I1_001	6.0	0.0	1986.0	3011.0	6190.0	2934.0	10355.0	18049.0	31500.0	26235.0	36876.0	39959.0	87104.0	104223.0	77327.0	157950.0	112201.0	234069.0	324478.0	216914.0	482057.0	679251.0	1209831.0	1236433.0	1363835.0	2318541.0	14663734.0	31166772.0
	10.0	11.0	12.0	13.0	14.0	15.0	16.0	17.0	18.0	19.0	20.0	21.0	22.0	23.0	24.0	25.0	26.0	27.0	28.0	29.0	30.0	31.0	32.0	33.0	34.0	35.0	36.0	37.0
fastqc | MantonBM8_HiSeq_1_S24_L008_I1_001	17.0	0.0	1599.0	2679.0	5469.0	2672.0	9568.0	16956.0	31251.0	26900.0	36825.0	41458.0	91937.0	110520.0	84086.0	168847.0	121231.0	250034.0	339883.0	231256.0	493289.0	718812.0	1256633.0	1247816.0	1366096.0	2393542.0	14785090.0	27682410.0
	10.0	11.0	12.0	13.0	14.0	15.0	16.0	17.0	18.0	19.0	20.0	21.0	22.0	23.0	24.0	25.0	26.0	27.0	28.0	29.0	30.0	31.0	32.0	33.0	34.0	35.0	36.0	37.0
fastqc | MantonBM8_HiSeq_2_S25_L007_I1_001	14.0	0.0	1881.0	2973.0	6396.0	2908.0	11309.0	17162.0	33679.0	25202.0	35933.0	38811.0	75057.0	96755.0	67007.0	137212.0	103208.0	210891.0	299344.0	209546.0	455781.0	682780.0	1130361.0	1240475.0	1357643.0	2456029.0	16547704.0	24170157.0
	10.0	11.0	12.0	13.0	14.0	15.0	16.0	17.0	18.0	19.0	20.0	21.0	22.0	23.0	24.0	25.0	26.0	27.0	28.0	29.0	30.0	31.0	32.0	33.0	34.0	35.0	36.0	37.0
fastqc | MantonBM8_HiSeq_2_S25_L008_I1_001	18.0	0.0	1525.0	2648.0	5651.0	2623.0	10343.0	16693.0	32793.0	25359.0	34717.0	40402.0	78791.0	101966.0	73025.0	147520.0	110267.0	224871.0	319419.0	222715.0	468001.0	728975.0	1168771.0	1250210.0	1374867.0	2481984.0	17097976.0	20513745.0
	10.0	11.0	12.0	13.0	14.0	15.0	16.0	17.0	18.0	19.0	20.0	21.0	22.0	23.0	24.0	25.0	26.0	27.0	28.0	29.0	30.0	31.0	32.0	33.0	34.0	35.0	36.0	37.0
fastqc | MantonBM8_HiSeq_3_S26_L007_I1_001	14.0	0.0	1920.0	3047.0	5875.0	2967.0	10127.0	16584.0	31606.0	25608.0	37070.0	39021.0	82598.0	101010.0	73547.0	148374.0	110008.0	223192.0	308436.0	205840.0	453969.0	675568.0	1091246.0	1185666.0	1231343.0	2279216.0	13813728.0	26896269.0
	10.0	11.0	12.0	13.0	14.0	15.0	16.0	17.0	18.0	19.0	20.0	21.0	22.0	23.0	24.0	25.0	26.0	27.0	28.0	29.0	30.0	31.0	32.0	33.0	34.0	35.0	36.0	37.0
fastqc | MantonBM8_HiSeq_3_S26_L008_I1_001	8.0	0.0	1671.0	2676.0	5214.0	2668.0	9398.0	16179.0	30988.0	26529.0	37018.0	40689.0	87732.0	106587.0	79301.0	159200.0	116913.0	240221.0	327917.0	217592.0	473158.0	721902.0	1133925.0	1222641.0	1247886.0	2339731.0	14257410.0	23326541.0
	10.0	11.0	12.0	13.0	14.0	15.0	16.0	17.0	18.0	19.0	20.0	21.0	22.0	23.0	24.0	25.0	26.0	27.0	28.0	29.0	30.0	31.0	32.0	33.0	34.0	35.0	36.0	37.0
fastqc | MantonBM8_HiSeq_4_S27_L007_I1_001	4.0	0.0	1473.0	2366.0	5322.0	2362.0	9598.0	16521.0	30662.0	26116.0	35613.0	40899.0	83138.0	109178.0	85952.0	168280.0	118192.0	286221.0	397908.0	245859.0	668207.0	960142.0	1405556.0	1684756.0	2233707.0	5326295.0	15707726.0	24077626.0
	10.0	11.0	12.0	13.0	14.0	15.0	16.0	17.0	18.0	19.0	20.0	21.0	22.0	23.0	24.0	25.0	26.0	27.0	28.0	29.0	30.0	31.0	32.0	33.0	34.0	35.0	36.0	37.0
fastqc | MantonBM8_HiSeq_4_S27_L008_I1_001	9.0	0.0	1251.0	2078.0	4921.0	2149.0	8833.0	15592.0	30304.0	26266.0	35397.0	41909.0	88090.0	113851.0	92696.0	179401.0	126932.0	305769.0	424430.0	262801.0	704142.0	1029096.0	1469743.0	1737497.0	2372324.0	5672851.0	14736579.0	21280891.0
	10.0	11.0	12.0	13.0	14.0	15.0	16.0	17.0	18.0	19.0	20.0	21.0	22.0	23.0	24.0	25.0	26.0	27.0	28.0	29.0	30.0	31.0	32.0	33.0	34.0	35.0	36.0	37.0
fastqc | MantonBM8_HiSeq_5_S28_L007_I1_001	18.0	0.0	1690.0	2742.0	6518.0	2715.0	10879.0	18882.0	35268.0	27962.0	38462.0	42948.0	83964.0	103095.0	71759.0	155590.0	107381.0	219757.0	301091.0	209380.0	454468.0	651028.0	1155599.0	1183280.0	1366457.0	2248551.0	14021843.0	27856967.0
	10.0	11.0	12.0	13.0	14.0	15.0	16.0	17.0	18.0	19.0	20.0	21.0	22.0	23.0	24.0	25.0	26.0	27.0	28.0	29.0	30.0	31.0	32.0	33.0	34.0	35.0	36.0	37.0
fastqc | MantonBM8_HiSeq_5_S28_L008_I1_001	13.0	0.0	1412.0	2406.0	5717.0	2559.0	10135.0	17934.0	34320.0	28688.0	38443.0	44210.0	87805.0	108435.0	76325.0	164988.0	115136.0	235019.0	319488.0	224873.0	468604.0	694005.0	1213031.0	1199565.0	1396883.0	2350236.0	14477968.0	24193624.0
	10.0	11.0	12.0	13.0	14.0	15.0	16.0	17.0	18.0	19.0	20.0	21.0	22.0	23.0	24.0	25.0	26.0	27.0	28.0	29.0	30.0	31.0	32.0	33.0	34.0	35.0	36.0	37.0
fastqc | MantonBM8_HiSeq_6_S29_L007_I1_001	11.0	0.0	1763.0	2894.0	6012.0	2967.0	11022.0	17271.0	33914.0	26149.0	38004.0	41778.0	80764.0	104827.0	73013.0	151312.0	109833.0	231106.0	318466.0	228110.0	494627.0	749906.0	1195423.0	1357186.0	1513064.0	2908489.0	18268470.0	23765908.0
	10.0	11.0	12.0	13.0	14.0	15.0	16.0	17.0	18.0	19.0	20.0	21.0	22.0	23.0	24.0	25.0	26.0	27.0	28.0	29.0	30.0	31.0	32.0	33.0	34.0	35.0	36.0	37.0
fastqc | MantonBM8_HiSeq_6_S29_L008_I1_001	12.0	0.0	1481.0	2450.0	5356.0	2587.0	10012.0	16674.0	33820.0	26342.0	37852.0	43101.0	85534.0	109762.0	78138.0	160877.0	116522.0	246091.0	337807.0	243229.0	507088.0	808395.0	1242067.0	1361898.0	1557861.0	2994684.0	18071231.0	20659429.0
	10.0	11.0	12.0	13.0	14.0	15.0	16.0	17.0	18.0	19.0	20.0	21.0	22.0	23.0	24.0	25.0	26.0	27.0	28.0	29.0	30.0	31.0	32.0	33.0	34.0	35.0	36.0	37.0
fastqc | MantonBM8_HiSeq_7_S30_L007_I1_001	17.0	0.0	1850.0	2883.0	6087.0	2777.0	10574.0	17333.0	32807.0	25662.0	37152.0	40387.0	81956.0	102273.0	74912.0	151530.0	110192.0	227437.0	314509.0	211565.0	465404.0	693039.0	1121927.0	1196317.0	1286330.0	2487326.0	14030325.0	27071237.0
	10.0	11.0	12.0	13.0	14.0	15.0	16.0	17.0	18.0	19.0	20.0	21.0	22.0	23.0	24.0	25.0	26.0	27.0	28.0	29.0	30.0	31.0	32.0	33.0	34.0	35.0	36.0	37.0
fastqc | MantonBM8_HiSeq_7_S30_L008_I1_001	14.0	0.0	1574.0	2529.0	5612.0	2530.0	9686.0	16637.0	32275.0	26096.0	36688.0	41842.0	87736.0	107840.0	80745.0	161625.0	116489.0	242310.0	333225.0	223252.0	482196.0	739159.0	1156382.0	1205484.0	1294689.0	2508053.0	13805343.0	24276746.0
	10.0	11.0	12.0	13.0	14.0	15.0	16.0	17.0	18.0	19.0	20.0	21.0	22.0	23.0	24.0	25.0	26.0	27.0	28.0	29.0	30.0	31.0	32.0	33.0	34.0	35.0	36.0	37.0
fastqc | MantonBM8_HiSeq_8_S31_L007_I1_001	14.0	0.0	2047.0	3094.0	5936.0	2871.0	9915.0	16103.0	29497.0	22495.0	32570.0	33152.0	67511.0	82965.0	58641.0	118657.0	84778.0	171456.0	243436.0	171256.0	355490.0	534281.0	1037074.0	990061.0	1093227.0	1942567.0	10374343.0	27718099.0
	10.0	11.0	12.0	13.0	14.0	15.0	16.0	17.0	18.0	19.0	20.0	21.0	22.0	23.0	24.0	25.0	26.0	27.0	28.0	29.0	30.0	31.0	32.0	33.0	34.0	35.0	36.0	37.0
fastqc | MantonBM8_HiSeq_8_S31_L008_I1_001	8.0	0.0	1747.0	2829.0	5421.0	2717.0	9441.0	15303.0	28552.0	22412.0	32104.0	33765.0	69878.0	85554.0	62541.0	127067.0	90288.0	181978.0	258945.0	180995.0	364499.0	562162.0	1085944.0	999472.0	1072165.0	2014450.0	10181436.0	25132720.0

